time	V(vout)	V(n001)
0.000000000000000e+000	0.000000e+000	0.000000e+000
1.428571445265854e-008	-1.112750e-005	1.795196e-005
2.857142890531708e-008	-3.351980e-005	3.590392e-005
4.285714335797562e-008	-6.717691e-005	5.385587e-005
5.714285781063416e-008	-1.120988e-004	7.180783e-005
7.142857226329269e-008	-1.682855e-004	8.975979e-005
8.571428671595124e-008	-2.357371e-004	1.077117e-004
1.000000011686097e-007	-3.144534e-004	1.256637e-004
2.000000023372195e-007	-9.771592e-004	2.513274e-004
4.000000046744390e-007	-2.677560e-003	5.026543e-004
8.000000093488779e-007	-6.482741e-003	1.005305e-003
4.342857193608196e-006	-4.124640e-002	5.460259e-003
7.885714377867513e-006	-7.592122e-002	9.907659e-003
1.142857156212683e-005	-1.105072e-001	1.434751e-002
1.497142874638615e-005	-1.450043e-001	1.877980e-002
1.851428593064547e-005	-1.794126e-001	2.320454e-002
2.205714311490479e-005	-2.137321e-001	2.762173e-002
2.560000029916409e-005	-2.479627e-001	3.203137e-002
4.513125029916410e-005	-4.337535e-001	5.595659e-002
6.466250029916410e-005	-6.132894e-001	7.904017e-002
8.419375029916411e-005	-7.836007e-001	1.009349e-001
1.037250002991641e-004	-9.421260e-001	1.213115e-001
1.232562502991641e-004	-1.086481e+000	1.398634e-001
1.427875002991641e-004	-1.214494e+000	1.563117e-001
1.623187502991641e-004	-1.324240e+000	1.704089e-001
1.818500002991641e-004	-1.414068e+000	1.819430e-001
2.013812502991641e-004	-1.482628e+000	1.907405e-001
2.209125002991641e-004	-1.528887e+000	1.966691e-001
2.404437502991640e-004	-1.552150e+000	1.996396e-001
2.599750002991640e-004	-1.552068e+000	1.996073e-001
2.795062502991641e-004	-1.528641e+000	1.965728e-001
2.990375002991641e-004	-1.482222e+000	1.905816e-001
3.185687502991641e-004	-1.413509e+000	1.817239e-001
3.381000002991641e-004	-1.323535e+000	1.701329e-001
3.576312502991641e-004	-1.213654e+000	1.559829e-001
3.771625002991641e-004	-1.085519e+000	1.394868e-001
3.966937502991642e-004	-9.410564e-001	1.208927e-001
4.162250002991642e-004	-7.824395e-001	1.004803e-001
4.357562502991642e-004	-6.120540e-001	7.855652e-002
4.552875002991642e-004	-4.324626e-001	5.545119e-002
4.748187502991642e-004	-2.463666e-001	3.151183e-002
4.943500002991642e-004	-5.656495e-002	7.098508e-003
5.138812502991642e-004	1.340875e-001	-1.742159e-002
5.334125002991642e-004	3.227230e-001	-4.167964e-002
5.529437502991642e-004	5.065046e-001	-6.531080e-002
5.724750002991643e-004	6.826679e-001	-8.795962e-002
5.920062502991643e-004	8.485631e-001	-1.092854e-001
6.115375002991643e-004	1.001695e+000	-1.289675e-001
6.310687502991643e-004	1.139761e+000	-1.467098e-001
6.506000002991643e-004	1.260684e+000	-1.622454e-001
6.701312502991643e-004	1.362644e+000	-1.753407e-001
6.896625002991644e-004	1.444110e+000	-1.857987e-001
7.091937502991644e-004	1.503854e+000	-1.934622e-001
7.287250002991644e-004	1.542006e+000	-1.982158e-001
7.448206086292526e-004	1.555513e+000	-1.998941e-001
7.630743418223780e-004	1.550287e+000	-1.993255e-001
7.826055918223780e-004	1.522796e+000	-1.958176e-001
8.021368418223780e-004	1.472784e+000	-1.893644e-001
8.216680918223781e-004	1.400619e+000	-1.800630e-001
8.411993418223781e-004	1.307388e+000	-1.680532e-001
8.607305918223781e-004	1.194493e+000	-1.535158e-001
8.802618418223781e-004	1.063631e+000	-1.366694e-001
8.997930918223781e-004	9.167718e-001	-1.177673e-001
9.193243418223781e-004	7.561231e-001	-9.709390e-002
9.388555918223782e-004	5.841016e-001	-7.496011e-002
9.583868418223782e-004	4.032947e-001	-5.169886e-002
9.779180918223782e-004	2.164218e-001	-2.766000e-002
9.974493418223782e-004	2.629382e-002	-3.205114e-003
1.016980591822378e-003	-1.642297e-001	2.129798e-002
1.036511841822378e-003	-3.522830e-001	4.548074e-002
1.056043091822378e-003	-5.350377e-001	6.897941e-002
1.075574341822378e-003	-7.097449e-001	9.144058e-002
1.095105591822378e-003	-8.737769e-001	1.125264e-001
1.114636841822378e-003	-1.024667e+000	1.319197e-001
1.134168091822378e-003	-1.160144e+000	1.493288e-001
1.153699341822378e-003	-1.278172e+000	1.644919e-001
1.173230591822378e-003	-1.376975e+000	1.771809e-001
1.192761841822378e-003	-1.455067e+000	1.872049e-001
1.212293091822378e-003	-1.511274e+000	1.944131e-001
1.231824341822378e-003	-1.545851e+000	1.986972e-001
1.247676074985977e-003	-1.556702e+000	1.999787e-001
1.264136188250303e-003	-1.549949e+000	1.992116e-001
1.283667438250303e-003	-1.520660e+000	1.955418e-001
1.303198688250303e-003	-1.469421e+000	1.889309e-001
1.322729938250303e-003	-1.396081e+000	1.794782e-001
1.342261188250303e-003	-1.301742e+000	1.673260e-001
1.361792438250303e-003	-1.187824e+000	1.526572e-001
1.381323688250303e-003	-1.056039e+000	1.356921e-001
1.400854938250303e-003	-9.083713e-001	1.166862e-001
1.420386188250303e-003	-7.470405e-001	9.592518e-002
1.439917438250303e-003	-5.744736e-001	7.372136e-002
1.459448688250303e-003	-3.932659e-001	5.040871e-002
1.478979938250303e-003	-2.061432e-001	2.633786e-002
1.498511188250303e-003	-1.591994e-002	1.870869e-003
1.518042438250303e-003	1.745428e-001	-2.262427e-002
1.537573688250303e-003	3.623802e-001	-4.677911e-002
1.557104938250303e-003	5.447671e-001	-7.023035e-002
1.576636188250303e-003	7.189602e-001	-9.262526e-002
1.596167438250303e-003	8.823395e-001	-1.136270e-001
1.615698688250303e-003	1.032448e+000	-1.329197e-001
1.635229938250303e-003	1.167027e+000	-1.502131e-001
1.654761188250303e-003	1.284053e+000	-1.652472e-001
1.674292438250303e-003	1.381765e+000	-1.777959e-001
1.693823688250303e-003	1.458695e+000	-1.876703e-001
1.713354938250303e-003	1.513684e+000	-1.947220e-001
1.732886188250303e-003	1.546809e+000	-1.988449e-001
1.749405051094904e-003	1.556980e+000	-1.999986e-001
1.764778867646190e-003	1.549710e+000	-1.991384e-001
1.784310117646190e-003	1.519335e+000	-1.953706e-001
1.803841367646190e-003	1.467355e+000	-1.886644e-001
1.823372617646190e-003	1.393304e+000	-1.791204e-001
1.842903867646190e-003	1.298296e+000	-1.668823e-001
1.862435117646190e-003	1.183761e+000	-1.521341e-001
1.881966367646190e-003	1.051422e+000	-1.350977e-001
1.901497617646190e-003	9.032673e-001	-1.160293e-001
1.921028867646190e-003	7.415271e-001	-9.521574e-002
1.940560117646190e-003	5.686337e-001	-7.297002e-002
1.960091367646190e-003	3.871875e-001	-4.962676e-002
1.979622617646190e-003	1.999176e-001	-2.553707e-002
1.999153867646190e-003	9.640807e-003	-1.063276e-003
2.018685117646190e-003	-1.807810e-001	2.342651e-002
2.038216367646190e-003	-3.684837e-001	4.756394e-002
2.057747617646190e-003	-5.506441e-001	7.098596e-002
2.077278867646190e-003	-7.245223e-001	9.334029e-002
2.096810117646190e-003	-8.875029e-001	1.142907e-001
2.116341367646190e-003	-1.037135e+000	1.335221e-001
2.135872617646190e-003	-1.171167e+000	1.507451e-001
2.155403867646190e-003	-1.287584e+000	1.657009e-001
2.174935117646190e-003	-1.384634e+000	1.781643e-001
2.194466367646190e-003	-1.460859e+000	1.879479e-001
2.213997617646190e-003	-1.515110e+000	1.949047e-001
2.233528867646190e-003	-1.547355e+000	1.989299e-001
2.250451477803203e-003	-1.556921e+000	1.999992e-001
2.265735149292713e-003	-1.548850e+000	1.990233e-001
2.285266399292713e-003	-1.517317e+000	1.951101e-001
2.304797649292713e-003	-1.464235e+000	1.882621e-001
2.324328899292713e-003	-1.389129e+000	1.785826e-001
2.343860149292713e-003	-1.293130e+000	1.662170e-001
2.363391399292713e-003	-1.177681e+000	1.513513e-001
2.382922649292713e-003	-1.044519e+000	1.342092e-001
2.402453899292713e-003	-8.956455e-001	1.150484e-001
2.421985149292713e-003	-7.333011e-001	9.415725e-002
2.441516399292713e-003	-5.599272e-001	7.184985e-002
2.461047649292713e-003	-3.781314e-001	4.846175e-002
2.480578899292713e-003	-1.906482e-001	2.434475e-002
2.519641399292714e-003	1.900578e-001	-2.461951e-002
2.539172649292714e-003	3.775543e-001	-4.873030e-002
2.558703899292714e-003	5.593721e-001	-7.210813e-002
2.578235149292714e-003	7.327765e-001	-9.440140e-002
2.597766399292714e-003	8.951591e-001	-1.152748e-001
2.617297649292714e-003	1.044078e+000	-1.344143e-001
2.636828899292714e-003	1.177293e+000	-1.515321e-001
2.656360149292714e-003	1.292800e+000	-1.663708e-001
2.675891399292714e-003	1.388862e+000	-1.787070e-001
2.695422649292714e-003	1.464035e+000	-1.883554e-001
2.714953899292714e-003	1.517187e+000	-1.951707e-001
2.734485149292714e-003	1.548121e+000	-1.990505e-001
2.752008459549084e-003	1.556412e+000	-1.999841e-001
2.768270378407419e-003	1.545937e+000	-1.986836e-001
2.787801628407419e-003	1.511702e+000	-1.943852e-001
2.807332878407419e-003	1.455709e+000	-1.871629e-001
2.826864128407419e-003	1.377821e+000	-1.771256e-001
2.846395378407419e-003	1.279209e+000	-1.644242e-001
2.865926628407419e-003	1.161356e+000	-1.492496e-001
2.885457878407419e-003	1.026036e+000	-1.318302e-001
2.904989128407419e-003	8.752834e-001	-1.124280e-001
2.924520378407419e-003	7.113655e-001	-9.133471e-002
2.944051628407420e-003	5.367480e-001	-6.886768e-002
2.963582878407420e-003	3.540573e-001	-4.536482e-002
2.983114128407420e-003	1.660413e-001	-2.117962e-002
3.002645378407420e-003	-2.447220e-002	3.324128e-003
3.022176628407420e-003	-2.146176e-001	2.777788e-002
3.041707878407420e-003	-4.015349e-001	5.181383e-002
3.061239128407420e-003	-5.824127e-001	7.507045e-002
3.080770378407420e-003	-7.545305e-001	9.719794e-002
3.100301628407420e-003	-9.152995e-001	1.178635e-001
3.119832878407420e-003	-1.062302e+000	1.367563e-001
3.139364128407420e-003	-1.193326e+000	1.535921e-001
3.158895378407420e-003	-1.306401e+000	1.681177e-001
3.178426628407420e-003	-1.399827e+000	1.801147e-001
3.197957878407420e-003	-1.472198e+000	1.894027e-001
3.217489128407420e-003	-1.522426e+000	1.958418e-001
3.237020378407420e-003	-1.549755e+000	1.993353e-001
3.256551628407420e-003	-1.553899e+000	1.998306e-001
3.275666975425134e-003	-1.535202e+000	1.974048e-001
3.295198225425134e-003	-1.493134e+000	1.919891e-001
3.314729475425134e-003	-1.428732e+000	1.836857e-001
3.334260725425134e-003	-1.342840e+000	1.726194e-001
3.353791975425134e-003	-1.236751e+000	1.589569e-001
3.373323225425134e-003	-1.112060e+000	1.429034e-001
3.392854475425134e-003	-9.706429e-001	1.247006e-001
3.412385725425134e-003	-8.146262e-001	1.046221e-001
3.431916975425134e-003	-6.463567e-001	8.297006e-002
3.451448225425134e-003	-4.683654e-001	6.007004e-002
3.470979475425134e-003	-2.833295e-001	3.626652e-002
3.490510725425134e-003	-9.403197e-002	1.191751e-002
3.510041975425134e-003	9.667984e-002	-1.261075e-002
3.529573225425134e-003	2.859375e-001	-3.694933e-002
3.549104475425134e-003	4.708944e-001	-6.073216e-002
3.568635725425134e-003	6.487686e-001	-8.360151e-002
3.588166975425134e-003	8.168847e-001	-1.052134e-001
3.607698225425134e-003	9.727141e-001	-1.252428e-001
3.627229475425134e-003	1.113913e+000	-1.433885e-001
3.646760725425134e-003	1.238358e+000	-1.593774e-001
3.666291975425134e-003	1.344176e+000	-1.729692e-001
3.685823225425134e-003	1.429777e+000	-1.839593e-001
3.705354475425134e-003	1.493873e+000	-1.921825e-001
3.724885725425134e-003	1.535499e+000	-1.975152e-001
3.744416975425134e-003	1.554338e+000	-1.998770e-001
3.762924173823277e-003	1.550330e+000	-1.993409e-001
3.782455423823277e-003	1.523092e+000	-1.958559e-001
3.801986673823277e-003	1.473254e+000	-1.894250e-001
3.821517923823277e-003	1.401256e+000	-1.801450e-001
3.841049173823277e-003	1.308182e+000	-1.681555e-001
3.860580423823277e-003	1.195432e+000	-1.536367e-001
3.880111673823277e-003	1.064701e+000	-1.368071e-001
3.899642923823277e-003	9.179565e-001	-1.179198e-001
3.919174173823277e-003	7.574049e-001	-9.725884e-002
3.938705423823277e-003	5.854611e-001	-7.513503e-002
3.958236673823276e-003	4.047115e-001	-5.188113e-002
3.977767923823276e-003	2.178747e-001	-2.784688e-002
3.997299173823275e-003	2.776082e-002	-3.393795e-003
4.016830423823275e-003	-1.627706e-001	2.111034e-002
4.036361673823275e-003	-3.508538e-001	4.529695e-002
4.055892923823274e-003	-5.336598e-001	6.880226e-002
4.075424173823274e-003	-7.084391e-001	9.127271e-002
4.094955423823273e-003	-8.725628e-001	1.123703e-001
4.114486673823273e-003	-1.023562e+000	1.317778e-001
4.134017923823273e-003	-1.159167e+000	1.492032e-001
4.153549173823272e-003	-1.277336e+000	1.643845e-001
4.173080423823272e-003	-1.376293e+000	1.770933e-001
4.192611673823271e-003	-1.454549e+000	1.871384e-001
4.212142923823271e-003	-1.510928e+000	1.943687e-001
4.231674173823270e-003	-1.545710e+000	1.986756e-001
4.247431556707668e-003	-1.556650e+000	1.999740e-001
4.264045287175838e-003	-1.549980e+000	1.992217e-001
4.283576537175838e-003	-1.520846e+000	1.955657e-001
4.303107787175837e-003	-1.469712e+000	1.889683e-001
4.322639037175837e-003	-1.396472e+000	1.795286e-001
4.342170287175836e-003	-1.302227e+000	1.673886e-001
4.361701537175836e-003	-1.188397e+000	1.527309e-001
4.381232787175836e-003	-1.056691e+000	1.357760e-001
4.400764037175835e-003	-9.090921e-001	1.167789e-001
4.420295287175835e-003	-7.478194e-001	9.602540e-002
4.439826537175834e-003	-5.752988e-001	7.382754e-002
4.459357787175834e-003	-3.941252e-001	5.051924e-002
4.478889037175833e-003	-2.070235e-001	2.645109e-002
4.498420287175833e-003	-1.680805e-002	1.985093e-003
4.517951537175833e-003	1.736602e-001	-2.251077e-002
4.537482787175832e-003	3.615165e-001	-4.666804e-002
4.557014037175832e-003	5.439352e-001	-7.012338e-002
4.576545287175831e-003	7.181726e-001	-9.252401e-002
4.596076537175831e-003	8.816080e-001	-1.135330e-001
4.615607787175831e-003	1.031783e+000	-1.328343e-001
4.635139037175830e-003	1.166440e+000	-1.501377e-001
4.654670287175830e-003	1.283551e+000	-1.651829e-001
4.674201537175829e-003	1.381358e+000	-1.777435e-001
4.693732787175829e-003	1.458387e+000	-1.876308e-001
4.713264037175828e-003	1.513480e+000	-1.946959e-001
4.732795287175828e-003	1.546730e+000	-1.988326e-001
4.749257041534661e-003	1.556962e+000	-1.999978e-001
4.764723854410551e-003	1.549731e+000	-1.991448e-001
4.784255104410551e-003	1.519449e+000	-1.953854e-001
4.803786354410550e-003	1.467532e+000	-1.886873e-001
4.823317604410550e-003	1.393542e+000	-1.791511e-001
4.842848854410550e-003	1.298592e+000	-1.669204e-001
4.862380104410549e-003	1.184110e+000	-1.521790e-001
4.881911354410549e-003	1.051817e+000	-1.351487e-001
4.901442604410548e-003	9.037048e-001	-1.160856e-001
4.920973854410548e-003	7.419996e-001	-9.527653e-002
4.940505104410548e-003	5.691339e-001	-7.303438e-002
4.960036354410547e-003	3.877081e-001	-4.969373e-002
4.979567604410547e-003	2.004507e-001	-2.560563e-002
4.999098854410546e-003	1.017831e-002	-1.132407e-003
5.018630104410546e-003	-1.802471e-001	2.335785e-002
5.038161354410545e-003	-3.679615e-001	4.749679e-002
5.057692604410545e-003	-5.501414e-001	7.092132e-002
5.077223854410545e-003	-7.240466e-001	9.327915e-002
5.096755104410544e-003	-8.870615e-001	1.142340e-001
5.116286354410544e-003	-1.036734e+000	1.334706e-001
5.135817604410543e-003	-1.170813e+000	1.506997e-001
5.155348854410543e-003	-1.287282e+000	1.656621e-001
5.174880104410543e-003	-1.384390e+000	1.781328e-001
5.194411354410542e-003	-1.460674e+000	1.879243e-001
5.213942604410542e-003	-1.514989e+000	1.948892e-001
5.233473854410541e-003	-1.547309e+000	1.989228e-001
5.250361905007093e-003	-1.556945e+000	1.999995e-001
5.265589296433447e-003	-1.549006e+000	1.990413e-001
5.285120546433446e-003	-1.517628e+000	1.951503e-001
5.304651796433446e-003	-1.464714e+000	1.883239e-001
5.324183046433445e-003	-1.389769e+000	1.786650e-001
5.343714296433445e-003	-1.293921e+000	1.663188e-001
5.363245546433445e-003	-1.178611e+000	1.514711e-001
5.382776796433444e-003	-1.045574e+000	1.343450e-001
5.402308046433444e-003	-8.968101e-001	1.151983e-001
5.421839296433443e-003	-7.345575e-001	9.431891e-002
5.441370546433443e-003	-5.612564e-001	7.202087e-002
5.460901796433442e-003	-3.795135e-001	4.863956e-002
5.480433046433442e-003	-1.920624e-001	2.452666e-002
5.519495546433441e-003	1.886433e-001	-2.443761e-002
5.539026796433441e-003	3.761718e-001	-4.855251e-002
5.558558046433440e-003	5.580422e-001	-7.193714e-002
5.578089296433440e-003	7.315192e-001	-9.423978e-002
5.597620546433440e-003	8.939935e-001	-1.151250e-001
5.617151796433439e-003	1.043021e+000	-1.342786e-001
5.636683046433439e-003	1.176361e+000	-1.514125e-001
5.656214296433438e-003	1.292007e+000	-1.662690e-001
5.675745546433438e-003	1.388220e+000	-1.786247e-001
5.695276796433437e-003	1.463553e+000	-1.882937e-001
5.714808046433437e-003	1.516873e+000	-1.951306e-001
5.734339296433437e-003	1.548008e+000	-1.990325e-001
5.751770992768144e-003	1.556500e+000	-1.999876e-001
5.767883717378744e-003	1.546406e+000	-1.987387e-001
5.787414967378743e-003	1.512583e+000	-1.944989e-001
5.806946217378743e-003	1.457033e+000	-1.873337e-001
5.826477467378743e-003	1.379568e+000	-1.773507e-001
5.846008717378742e-003	1.281353e+000	-1.647003e-001
5.865539967378742e-003	1.163865e+000	-1.495726e-001
5.885071217378741e-003	1.028872e+000	-1.321952e-001
5.904602467378741e-003	8.784034e-001	-1.128295e-001
5.924133717378740e-003	7.147228e-001	-9.176670e-002
5.943664967378740e-003	5.402921e-001	-6.932365e-002
5.963196217378740e-003	3.577349e-001	-4.583791e-002
5.982727467378739e-003	1.697971e-001	-2.166272e-002
6.002258717378739e-003	-2.069470e-002	2.838293e-003
6.021789967378738e-003	-2.108752e-001	2.729662e-002
6.041321217378738e-003	-3.978839e-001	5.134438e-002
6.060852467378738e-003	-5.789081e-001	7.461987e-002
6.080383717378737e-003	-7.512250e-001	9.677301e-002
6.099914967378737e-003	-9.122427e-001	1.174706e-001
6.119446217378736e-003	-1.059540e+000	1.364013e-001
6.138977467378736e-003	-1.190900e+000	1.532804e-001
6.158508717378735e-003	-1.304348e+000	1.678540e-001
6.178039967378735e-003	-1.398177e+000	1.799030e-001
6.197571217378735e-003	-1.470977e+000	1.892460e-001
6.217102467378734e-003	-1.521652e+000	1.957427e-001
6.236633717378734e-003	-1.549439e+000	1.992951e-001
6.256164967378733e-003	-1.554119e+000	1.998500e-001
6.275037562015908e-003	-1.536244e+000	1.975303e-001
6.294568812015907e-003	-1.494840e+000	1.922092e-001
6.314100062015907e-003	-1.431148e+000	1.839971e-001
6.333631312015906e-003	-1.345931e+000	1.730175e-001
6.353162562015906e-003	-1.240469e+000	1.594356e-001
6.372693812015906e-003	-1.116350e+000	1.434557e-001
6.392225062015905e-003	-9.754399e-001	1.253180e-001
6.411756312015905e-003	-8.198581e-001	1.052954e-001
6.431287562015904e-003	-6.519449e-001	8.368908e-002
6.450818812015904e-003	-4.742259e-001	6.082400e-002
6.470350062015903e-003	-2.893740e-001	3.704406e-002
6.489881312015903e-003	-1.001697e-001	1.270695e-002
6.509412562015903e-003	9.054127e-002	-1.182128e-002
6.528943812015902e-003	2.798904e-001	-3.617171e-002
6.548475062015902e-003	4.650297e-001	-5.997809e-002
6.568006312015901e-003	6.431745e-001	-8.288234e-002
6.587537562015901e-003	8.116454e-001	-1.045400e-001
6.607068812015901e-003	9.679085e-001	-1.246252e-001
6.626600062015900e-003	1.109613e+000	-1.428360e-001
6.646131312015900e-003	1.234628e+000	-1.588983e-001
6.665662562015899e-003	1.341074e+000	-1.725707e-001
6.685193812015899e-003	1.427348e+000	-1.836475e-001
6.704725062015898e-003	1.492153e+000	-1.919621e-001
6.724256312015898e-003	1.534516e+000	-1.973893e-001
6.743787562015898e-003	1.553986e+000	-1.998477e-001
6.762689960767491e-003	1.550393e+000	-1.993646e-001
6.782221210767491e-003	1.523552e+000	-1.959153e-001
6.801752460767491e-003	1.473984e+000	-1.895193e-001
6.821283710767490e-003	1.402247e+000	-1.802727e-001
6.840814960767490e-003	1.309418e+000	-1.683146e-001
6.860346210767489e-003	1.196894e+000	-1.538250e-001
6.879877460767489e-003	1.066368e+000	-1.370216e-001
6.899408710767488e-003	9.198026e-001	-1.181574e-001
6.918939960767488e-003	7.594026e-001	-9.751590e-002
6.938471210767488e-003	5.875805e-001	-7.540771e-002
6.958002460767487e-003	4.069206e-001	-5.216531e-002
6.977533710767487e-003	2.201403e-001	-2.813831e-002
6.997064960767486e-003	3.004882e-002	-3.688070e-003
7.016596210767486e-003	-1.604946e-001	2.081764e-002
7.036127460767486e-003	-3.486240e-001	4.501023e-002
7.055658710767485e-003	-5.315098e-001	6.852583e-002
7.075189960767485e-003	-7.064012e-001	9.101073e-002
7.094721210767484e-003	-8.706677e-001	1.121267e-001
7.114252460767484e-003	-1.021838e+000	1.315563e-001
7.133783710767483e-003	-1.157640e+000	1.490071e-001
7.153314960767483e-003	-1.276029e+000	1.642167e-001
7.172846210767483e-003	-1.375226e+000	1.769563e-001
7.192377460767482e-003	-1.453738e+000	1.870343e-001
7.211908710767482e-003	-1.510385e+000	1.942992e-001
7.231439960767481e-003	-1.545487e+000	1.986416e-001
7.247050186702637e-003	-1.556562e+000	1.999657e-001
7.263903502947533e-003	-1.550029e+000	1.992373e-001
7.283434752947533e-003	-1.521134e+000	1.956030e-001
7.302966002947532e-003	-1.470164e+000	1.890266e-001
7.322497252947532e-003	-1.397081e+000	1.796070e-001
7.342028502947531e-003	-1.302984e+000	1.674860e-001
7.361559752947531e-003	-1.189290e+000	1.528459e-001
7.381091002947531e-003	-1.057707e+000	1.359068e-001
7.400622252947530e-003	-9.102156e-001	1.169235e-001
7.420153502947530e-003	-7.490337e-001	9.618165e-002
7.439684752947529e-003	-5.765855e-001	7.399309e-002
7.459216002947529e-003	-3.954651e-001	5.069162e-002
7.478747252947528e-003	-2.083964e-001	2.662769e-002
7.498278502947528e-003	-1.819327e-002	2.163255e-003
7.517809752947528e-003	1.722835e-001	-2.233372e-002
7.537341002947527e-003	3.601690e-001	-4.649477e-002
7.556872252947527e-003	5.426372e-001	-6.995650e-002
7.576403502947526e-003	7.169436e-001	-9.236601e-002
7.595934752947526e-003	8.804665e-001	-1.133863e-001
7.615466002947526e-003	1.030746e+000	-1.327011e-001
7.634997252947525e-003	1.165523e+000	-1.500199e-001
7.654528502947525e-003	1.282769e+000	-1.650824e-001
7.674059752947524e-003	1.380721e+000	-1.776618e-001
7.693591002947524e-003	1.457905e+000	-1.875690e-001
7.713122252947523e-003	1.513162e+000	-1.946550e-001
7.732653502947523e-003	1.546605e+000	-1.988133e-001
7.749026180598178e-003	1.556933e+000	-1.999963e-001
7.764638045556031e-003	1.549764e+000	-1.991547e-001
7.784169295556031e-003	1.519627e+000	-1.954084e-001
7.803700545556030e-003	1.467809e+000	-1.887230e-001
7.823231795556031e-003	1.393914e+000	-1.791991e-001
7.842763045556030e-003	1.299053e+000	-1.669798e-001
7.862294295556030e-003	1.184653e+000	-1.522489e-001
7.881825545556030e-003	1.052435e+000	-1.352282e-001
7.901356795556029e-003	9.043869e-001	-1.161734e-001
7.920888045556029e-003	7.427362e-001	-9.537133e-002
7.940419295556028e-003	5.699141e-001	-7.313476e-002
7.959950545556028e-003	3.885199e-001	-4.979817e-002
7.979481795556027e-003	2.012820e-001	-2.571257e-002
7.999013045556027e-003	1.101669e-002	-1.240236e-003
8.018544295556027e-003	-1.794144e-001	2.325076e-002
8.038075545556026e-003	-3.671468e-001	4.739203e-002
8.057606795556026e-003	-5.493571e-001	7.082050e-002
8.077138045556025e-003	-7.233045e-001	9.318374e-002
8.096669295556025e-003	-8.863728e-001	1.141454e-001
8.116200545556025e-003	-1.036109e+000	1.333902e-001
8.135731795556024e-003	-1.170262e+000	1.506288e-001
8.155263045556024e-003	-1.286812e+000	1.656017e-001
8.174794295556023e-003	-1.384008e+000	1.780838e-001
8.194325545556023e-003	-1.460387e+000	1.878874e-001
8.213856795556022e-003	-1.514800e+000	1.948649e-001
8.233388045556022e-003	-1.547745e+000	1.989115e-001
8.248527651729370e-003	-1.557114e+000	1.999914e-001
8.264452742236212e-003	-1.549834e+000	1.991759e-001
8.283983992236212e-003	-1.520011e+000	1.954579e-001
8.303515242236211e-003	-1.468406e+000	1.888000e-001
8.323046492236211e-003	-1.394716e+000	1.793023e-001
8.342577742236210e-003	-1.300047e+000	1.671078e-001
8.362108992236210e-003	-1.185825e+000	1.523998e-001
8.381640242236210e-003	-1.053767e+000	1.353996e-001
8.401171492236209e-003	-9.058592e-001	1.163629e-001
8.420702742236209e-003	-7.443264e-001	9.557594e-002
8.440233992236208e-003	-5.715983e-001	7.335144e-002
8.459765242236208e-003	-3.902728e-001	5.002366e-002
8.479296492236207e-003	-2.030772e-001	2.594348e-002
8.498827742236207e-003	-1.282715e-002	1.473089e-003
8.518358992236207e-003	1.776158e-001	-2.301946e-002
8.537890242236206e-003	3.653873e-001	-4.716577e-002
8.557421492236206e-003	5.476630e-001	-7.060267e-002
8.576952742236205e-003	7.217013e-001	-9.297764e-002
8.596483992236205e-003	8.848846e-001	-1.139541e-001
8.616015242236205e-003	1.034758e+000	-1.332167e-001
8.635546492236204e-003	1.169068e+000	-1.504755e-001
8.655077742236204e-003	1.285795e+000	-1.654710e-001
8.674608992236203e-003	1.383181e+000	-1.779777e-001
8.694140242236203e-003	1.459764e+000	-1.878074e-001
8.713671492236202e-003	1.514390e+000	-1.948124e-001
8.733202742236202e-003	1.547081e+000	-1.988872e-001
8.749920475737180e-003	1.557031e+000	-2.000000e-001
8.764970442303073e-003	1.549634e+000	-1.991159e-001
8.784501692303073e-003	1.518935e+000	-1.953190e-001
8.804032942303072e-003	1.466734e+000	-1.885843e-001
8.823564192303072e-003	1.392472e+000	-1.790132e-001
8.843095442303071e-003	1.297265e+000	-1.667495e-001
8.862626692303071e-003	1.182547e+000	-1.519777e-001
8.882157942303071e-003	1.050042e+000	-1.349201e-001
8.901689192303070e-003	9.017431e-001	-1.158332e-001
8.921220442303070e-003	7.398813e-001	-9.500396e-002
8.940751692303069e-003	5.668911e-001	-7.274582e-002
8.960282942303069e-003	3.853744e-001	-4.939351e-002
8.979814192303069e-003	1.980612e-001	-2.529828e-002
8.999345442303068e-003	7.769042e-003	-8.225392e-004
9.018876692303068e-003	-1.826400e-001	2.366558e-002
9.038407942303067e-003	-3.703019e-001	4.779774e-002
9.057939192303067e-003	-5.523942e-001	7.121097e-002
9.077470442303066e-003	-7.261779e-001	9.355313e-002
9.097001692303066e-003	-8.890393e-001	1.144882e-001
9.116532942303066e-003	-1.038529e+000	1.337012e-001
9.136064192303065e-003	-1.172398e+000	1.509032e-001
9.155595442303065e-003	-1.288633e+000	1.658355e-001
9.175126692303064e-003	-1.385485e+000	1.782735e-001
9.194657942303064e-003	-1.461499e+000	1.880301e-001
9.214189192303064e-003	-1.515531e+000	1.949586e-001
9.233720442303063e-003	-1.547513e+000	1.989546e-001
9.250763398696115e-003	-1.556832e+000	1.999977e-001
9.266243054403954e-003	-1.548298e+000	1.989593e-001
9.285774304403954e-003	-1.516223e+000	1.949688e-001
9.305305554403953e-003	-1.462557e+000	1.880457e-001
9.324836804403953e-003	-1.386892e+000	1.782943e-001
9.344368054403952e-003	-1.290367e+000	1.658612e-001
9.363899304403952e-003	-1.174434e+000	1.509333e-001
9.383430554403952e-003	-1.040837e+000	1.337353e-001
9.402961804403951e-003	-8.915842e-001	1.145258e-001
9.422493054403951e-003	-7.289213e-001	9.359368e-002
9.442024304403950e-003	-5.552946e-001	7.125384e-002
9.461555554403950e-003	-3.733159e-001	4.784228e-002
9.481086804403949e-003	-1.857221e-001	2.371112e-002
9.500618054403949e-003	4.665074e-003	-7.766681e-004
9.520149304403949e-003	1.949821e-001	-2.525278e-002
9.539680554403948e-003	3.823664e-001	-4.934906e-002
9.559211804403948e-003	5.639997e-001	-7.270309e-002
9.578743054403947e-003	7.371497e-001	-9.496360e-002
9.598274304403947e-003	8.992124e-001	-1.157958e-001
9.617805554403947e-003	1.047750e+000	-1.348862e-001
9.637336804403946e-003	1.180529e+000	-1.519479e-001
9.656868054403946e-003	1.295551e+000	-1.667242e-001
9.676399304403945e-003	1.391087e+000	-1.789927e-001
9.695930554403945e-003	1.465700e+000	-1.885690e-001
9.715461804403944e-003	1.518267e+000	-1.953091e-001
9.734993054403944e-003	1.547998e+000	-1.991116e-001
9.754524304403944e-003	1.554952e+000	-1.999192e-001
9.772366625851658e-003	1.540402e+000	-1.980283e-001
9.791897875851658e-003	1.501820e+000	-1.931098e-001
9.811429125851657e-003	1.441154e+000	-1.852867e-001
9.830960375851657e-003	1.358811e+000	-1.746767e-001
9.850491625851656e-003	1.256031e+000	-1.614395e-001
9.870022875851656e-003	1.134359e+000	-1.457741e-001
9.889554125851656e-003	9.956255e-001	-1.279160e-001
9.909085375851655e-003	8.419166e-001	-1.081340e-001
9.928616625851655e-003	6.755444e-001	-8.672557e-002
9.948147875851654e-003	4.990114e-001	-6.401270e-002
9.967679125851654e-003	3.149728e-001	-4.033701e-002
9.987210375851654e-003	1.261968e-001	-1.605462e-002
1.000674162585165e-002	-6.447743e-002	8.469244e-003
1.002627287585165e-002	-2.541818e-001	3.286573e-002
1.004580412585165e-002	-4.400631e-001	5.676788e-002
1.006533537585165e-002	-6.193253e-001	7.981618e-002
1.008486662585165e-002	-7.892724e-001	1.016640e-001
1.010439787585165e-002	-9.473481e-001	1.219827e-001
1.012392912585165e-002	-1.091175e+000	1.404666e-001
1.014346037585165e-002	-1.218589e+000	1.568378e-001
1.016299162585165e-002	-1.327675e+000	1.708500e-001
1.018252287585165e-002	-1.416791e+000	1.822925e-001
1.020205412585165e-002	-1.484597e+000	1.909931e-001
1.022158537585165e-002	-1.530074e+000	1.968210e-001
1.024111662585165e-002	-1.552537e+000	1.996885e-001
1.026064787585165e-002	-1.551648e+000	1.995526e-001
1.028017912585165e-002	-1.527421e+000	1.964151e-001
1.029971037585165e-002	-1.480220e+000	1.903235e-001
1.031924162585165e-002	-1.410756e+000	1.813691e-001
1.033877287585165e-002	-1.320072e+000	1.696868e-001
1.035830412585165e-002	-1.209533e+000	1.554523e-001
1.037783537585165e-002	-1.080802e+000	1.388796e-001
1.039736662585165e-002	-9.358141e-001	1.202180e-001
1.041689787585164e-002	-7.767510e-001	9.974828e-002
1.043642912585164e-002	-6.060048e-001	7.777821e-002
1.045596037585164e-002	-4.261437e-001	5.463829e-002
1.047549162585164e-002	-2.398730e-001	3.067655e-002
1.049502287585164e-002	-4.999443e-002	6.253419e-003
1.051455412585164e-002	1.406361e-001	-1.826377e-002
1.053408537585164e-002	3.291514e-001	-4.250626e-002
1.055361662585164e-002	5.127159e-001	-6.610942e-002
1.057314787585164e-002	6.885687e-001	-8.871823e-002
1.059267912585164e-002	8.540648e-001	-1.099926e-001
1.061221037585164e-002	1.006715e+000	-1.296126e-001
1.063174162585164e-002	1.144223e+000	-1.472832e-001
1.065127287585164e-002	1.264521e+000	-1.627384e-001
1.067080412585164e-002	1.365800e+000	-1.757459e-001
1.069033537585164e-002	1.446535e+000	-1.861100e-001
1.070986662585164e-002	1.505514e+000	-1.936749e-001
1.072939787585164e-002	1.543001e+000	-1.983267e-001
1.074507072084618e-002	1.555750e+000	-1.999041e-001
1.076316738315329e-002	1.550260e+000	-1.993159e-001
1.078269863315329e-002	1.522611e+000	-1.957938e-001
1.080222988315329e-002	1.472492e+000	-1.893267e-001
1.082176113315329e-002	1.400224e+000	-1.800121e-001
1.084129238315329e-002	1.306896e+000	-1.679898e-001
1.086082363315329e-002	1.193911e+000	-1.534408e-001
1.088035488315329e-002	1.062968e+000	-1.365840e-001
1.089988613315329e-002	9.160373e-001	-1.176728e-001
1.091941738315328e-002	7.553286e-001	-9.699167e-002
1.093894863315328e-002	5.832590e-001	-7.485171e-002
1.095847988315328e-002	4.024166e-001	-5.158590e-002
1.097801113315328e-002	2.155216e-001	-2.754420e-002
1.099754238315328e-002	2.538487e-002	-3.088210e-003
1.101707363315328e-002	-1.651337e-001	2.141423e-002
1.103660488315328e-002	-3.531684e-001	4.559458e-002
1.105613613315328e-002	-5.358912e-001	6.908915e-002
1.107566738315328e-002	-7.105536e-001	9.154455e-002
1.109519863315328e-002	-8.745287e-001	1.126230e-001
1.111472988315328e-002	-1.025350e+000	1.320076e-001
1.113426113315328e-002	-1.160749e+000	1.494066e-001
1.115379238315328e-002	-1.278690e+000	1.645584e-001
1.117332363315328e-002	-1.377397e+000	1.772351e-001
1.119285488315328e-002	-1.455388e+000	1.872460e-001
1.121238613315328e-002	-1.511488e+000	1.944405e-001
1.123191738315328e-002	-1.545938e+000	1.987105e-001
1.124782757363982e-002	-1.556733e+000	1.999814e-001
1.126419250699283e-002	-1.549929e+000	1.992053e-001
1.128372375699283e-002	-1.520545e+000	1.955269e-001
1.130325500699283e-002	-1.469241e+000	1.889076e-001
1.132278625699283e-002	-1.395838e+000	1.794470e-001
1.134231750699283e-002	-1.301441e+000	1.672873e-001
1.136184875699283e-002	-1.187468e+000	1.526114e-001
1.138138000699283e-002	-1.055635e+000	1.356401e-001
1.140091125699282e-002	-9.079247e-001	1.166287e-001
1.142044250699282e-002	-7.465579e-001	9.586307e-002
1.143997375699282e-002	-5.739622e-001	7.365557e-002
1.145950500699282e-002	-3.927335e-001	5.034022e-002
1.147903625699282e-002	-2.055978e-001	2.626771e-002
1.149856750699282e-002	-1.536970e-002	1.800100e-003
1.151809875699282e-002	1.750896e-001	-2.269458e-002
1.153763000699282e-002	3.629153e-001	-4.684791e-002
1.155716125699282e-002	5.452825e-001	-7.029662e-002
1.157669250699282e-002	7.194481e-001	-9.268798e-002
1.159622375699282e-002	8.827926e-001	-1.136852e-001
1.161575500699282e-002	1.032859e+000	-1.329726e-001
1.163528625699282e-002	1.167390e+000	-1.502599e-001
1.165481750699282e-002	1.284363e+000	-1.652871e-001
1.167434875699282e-002	1.382017e+000	-1.778283e-001
1.169388000699282e-002	1.458885e+000	-1.876947e-001
1.171341125699282e-002	1.513810e+000	-1.947381e-001
1.173294250699282e-002	1.546858e+000	-1.988524e-001
1.174949675176921e-002	1.556990e+000	-1.999990e-001
1.176481295143126e-002	1.549697e+000	-1.991344e-001
1.178434420143126e-002	1.519264e+000	-1.953615e-001
1.180387545143126e-002	1.467244e+000	-1.886501e-001
1.182340670143126e-002	1.393156e+000	-1.791013e-001
1.184293795143126e-002	1.298113e+000	-1.668587e-001
1.186246920143126e-002	1.183545e+000	-1.521063e-001
1.188200045143126e-002	1.051176e+000	-1.350661e-001
1.190153170143126e-002	9.029962e-001	-1.159944e-001
1.192106295143126e-002	7.412344e-001	-9.517808e-002
1.194059420143125e-002	5.683237e-001	-7.293014e-002
1.196012545143125e-002	3.868650e-001	-4.958527e-002
1.197965670143125e-002	1.995874e-001	-2.549459e-002
1.199918795143125e-002	9.307792e-003	-1.020446e-003
1.201871920143125e-002	-1.811118e-001	2.346904e-002
1.203825045143125e-002	-3.688073e-001	4.760554e-002
1.205778170143125e-002	-5.509555e-001	7.102600e-002
1.207731295143125e-002	-7.248169e-001	9.337816e-002
1.209684420143125e-002	-8.877764e-001	1.143258e-001
1.211637545143125e-002	-1.037383e+000	1.335539e-001
1.213590670143125e-002	-1.171386e+000	1.507733e-001
1.215543795143125e-002	-1.287771e+000	1.657248e-001
1.217496920143125e-002	-1.384786e+000	1.781837e-001
1.219450045143125e-002	-1.460973e+000	1.879626e-001
1.221403170143125e-002	-1.515185e+000	1.949143e-001
1.223356295143125e-002	-1.547383e+000	1.989343e-001
1.225050697305935e-002	-1.556906e+000	1.999990e-001
1.226582551308842e-002	-1.548753e+000	1.990121e-001
1.228535676308842e-002	-1.517123e+000	1.950851e-001
1.230488801308842e-002	-1.463937e+000	1.882238e-001
1.232441926308842e-002	-1.388732e+000	1.785314e-001
1.234395051308842e-002	-1.292640e+000	1.661538e-001
1.236348176308842e-002	-1.177104e+000	1.512771e-001
1.238301301308842e-002	-1.043864e+000	1.341250e-001
1.240254426308842e-002	-8.949236e-001	1.149555e-001
1.242207551308842e-002	-7.325224e-001	9.405705e-002
1.244160676308842e-002	-5.591034e-001	7.174386e-002
1.246113801308842e-002	-3.772749e-001	4.835158e-002
1.248066926308842e-002	-1.897719e-001	2.423204e-002
1.251973176308842e-002	1.909340e-001	-2.473219e-002
1.253926301308842e-002	3.784108e-001	-4.884042e-002
1.255879426308842e-002	5.601959e-001	-7.221404e-002
1.257832551308842e-002	7.335551e-001	-9.450150e-002
1.259785676308842e-002	8.958809e-001	-1.153676e-001
1.261738801308841e-002	1.044732e+000	-1.344984e-001
1.263691926308841e-002	1.177869e+000	-1.516062e-001
1.265645051308841e-002	1.293290e+000	-1.664338e-001
1.267598176308841e-002	1.389259e+000	-1.787580e-001
1.269551301308841e-002	1.464332e+000	-1.883935e-001
1.271504426308841e-002	1.517380e+000	-1.951955e-001
1.273457551308841e-002	1.547605e+000	-1.990615e-001
1.275410676308841e-002	1.555138e+000	-1.999334e-001
1.277168683210418e-002	1.541391e+000	-1.981461e-001
1.279121808210418e-002	1.503529e+000	-1.933303e-001
1.281074933210418e-002	1.443636e+000	-1.856066e-001
1.283028058210418e-002	1.362029e+000	-1.750912e-001
1.284981183210418e-002	1.259936e+000	-1.619423e-001
1.286934308210417e-002	1.138892e+000	-1.463576e-001
1.288887433210417e-002	1.000718e+000	-1.285715e-001
1.290840558210417e-002	8.474932e-001	-1.088516e-001
1.292793683210417e-002	6.815207e-001	-8.749454e-002
1.294746808210417e-002	5.052975e-001	-6.482143e-002
1.296699933210417e-002	3.214742e-001	-4.117334e-002
1.298653058210417e-002	1.328156e-001	-1.690597e-002
1.300606183210417e-002	-5.784059e-002	7.615681e-003
1.302559308210417e-002	-2.476269e-001	3.202279e-002
1.304512433210417e-002	-4.336886e-001	5.594824e-002
1.306465558210417e-002	-6.132272e-001	7.903218e-002
1.308418683210417e-002	-7.835424e-001	1.009274e-001
1.310371808210417e-002	-9.420723e-001	1.213046e-001
1.312324933210417e-002	-1.086433e+000	1.398572e-001
1.314278058210417e-002	-1.214452e+000	1.563063e-001
1.316231183210417e-002	-1.324205e+000	1.704044e-001
1.318184308210417e-002	-1.414040e+000	1.819394e-001
1.320137433210417e-002	-1.482607e+000	1.907379e-001
1.322090558210417e-002	-1.528875e+000	1.966675e-001
1.324043683210417e-002	-1.552146e+000	1.996391e-001
1.325996808210417e-002	-1.552072e+000	1.996079e-001
1.327949933210417e-002	-1.528653e+000	1.965744e-001
1.329903058210417e-002	-1.482242e+000	1.905842e-001
1.331856183210417e-002	-1.413537e+000	1.817275e-001
1.333809308210416e-002	-1.323571e+000	1.701374e-001
1.335762433210416e-002	-1.213696e+000	1.559884e-001
1.337715558210416e-002	-1.085567e+000	1.394930e-001
1.339668683210416e-002	-9.411103e-001	1.208996e-001
1.341621808210416e-002	-7.824979e-001	1.004878e-001
1.343574933210416e-002	-6.121161e-001	7.856451e-002
1.345528058210416e-002	-4.325275e-001	5.545954e-002
1.347481183210416e-002	-2.464333e-001	3.152042e-002
1.349434308210416e-002	-5.663250e-002	7.107196e-003
1.351387433210416e-002	1.340201e-001	-1.741293e-002
1.353340558210416e-002	3.226569e-001	-4.167114e-002
1.355293683210416e-002	5.064407e-001	-6.530258e-002
1.357246808210416e-002	6.826071e-001	-8.795182e-002
1.359199933210416e-002	8.485065e-001	-1.092782e-001
1.361153058210416e-002	1.001644e+000	-1.289609e-001
1.363106183210416e-002	1.139715e+000	-1.467039e-001
1.365059308210416e-002	1.260644e+000	-1.622403e-001
1.367012433210416e-002	1.362612e+000	-1.753366e-001
1.368965558210416e-002	1.444085e+000	-1.857955e-001
1.370918683210416e-002	1.503837e+000	-1.934600e-001
1.372871808210416e-002	1.541996e+000	-1.982146e-001
1.374481803700244e-002	1.555511e+000	-1.998940e-001
1.376307338514039e-002	1.550288e+000	-1.993256e-001
1.378260463514039e-002	1.522798e+000	-1.958179e-001
1.380213588514039e-002	1.472787e+000	-1.893648e-001
1.382166713514038e-002	1.400623e+000	-1.800635e-001
1.384119838514038e-002	1.307393e+000	-1.680539e-001
1.386072963514038e-002	1.194499e+000	-1.535166e-001
1.388026088514038e-002	1.063638e+000	-1.366702e-001
1.389979213514038e-002	9.167793e-001	-1.177683e-001
1.391932338514038e-002	7.561313e-001	-9.709495e-002
1.393885463514038e-002	5.841103e-001	-7.496123e-002
1.395838588514038e-002	4.033037e-001	-5.170002e-002
1.397791713514038e-002	2.164311e-001	-2.766119e-002
1.399744838514038e-002	2.630316e-002	-3.206316e-003
1.401697963514038e-002	-1.642204e-001	2.129679e-002
1.403651088514038e-002	-3.522739e-001	4.547956e-002
1.405604213514038e-002	-5.350289e-001	6.897829e-002
1.407557338514038e-002	-7.097366e-001	9.143952e-002
1.409510463514038e-002	-8.737692e-001	1.125254e-001
1.411463588514038e-002	-1.024659e+000	1.319188e-001
1.413416713514038e-002	-1.160138e+000	1.493280e-001
1.415369838514038e-002	-1.278167e+000	1.644912e-001
1.417322963514038e-002	-1.376971e+000	1.771803e-001
1.419276088514038e-002	-1.455064e+000	1.872044e-001
1.421229213514038e-002	-1.511272e+000	1.944128e-001
1.423182338514038e-002	-1.545850e+000	1.986971e-001
1.424767451722473e-002	-1.556702e+000	1.999786e-001
1.426413560915490e-002	-1.549949e+000	1.992117e-001
1.428366685915490e-002	-1.520661e+000	1.955419e-001
1.430319810915490e-002	-1.469423e+000	1.889311e-001
1.432272935915490e-002	-1.396083e+000	1.794785e-001
1.434226060915490e-002	-1.301745e+000	1.673265e-001
1.436179185915490e-002	-1.187827e+000	1.526576e-001
1.438132310915490e-002	-1.056044e+000	1.356927e-001
1.440085435915490e-002	-9.083759e-001	1.166868e-001
1.442038560915490e-002	-7.470455e-001	9.592582e-002
1.443991685915490e-002	-5.744788e-001	7.372204e-002
1.445944810915490e-002	-3.932714e-001	5.040941e-002
1.447897935915490e-002	-2.061488e-001	2.633858e-002
1.449851060915490e-002	-1.592560e-002	1.871596e-003
1.451804185915490e-002	1.745372e-001	-2.262354e-002
1.453757310915490e-002	3.623747e-001	-4.677840e-002
1.455710435915490e-002	5.447618e-001	-7.022967e-002
1.457663560915490e-002	7.189552e-001	-9.262462e-002
1.459616685915490e-002	8.823348e-001	-1.136264e-001
1.461569810915490e-002	1.032443e+000	-1.329191e-001
1.463522935915490e-002	1.167023e+000	-1.502127e-001
1.465476060915490e-002	1.284049e+000	-1.652468e-001
1.467429185915490e-002	1.381763e+000	-1.777955e-001
1.469382310915490e-002	1.458693e+000	-1.876701e-001
1.471335435915490e-002	1.513683e+000	-1.947218e-001
1.473288560915489e-002	1.546808e+000	-1.988448e-001
1.474940410818508e-002	1.556979e+000	-1.999986e-001
1.476477851717994e-002	1.549710e+000	-1.991384e-001
1.478430976717994e-002	1.519336e+000	-1.953707e-001
1.480384101717993e-002	1.467356e+000	-1.886645e-001
1.482337226717993e-002	1.393305e+000	-1.791206e-001
1.484290351717993e-002	1.298298e+000	-1.668825e-001
1.486243476717993e-002	1.183764e+000	-1.521344e-001
1.488196601717993e-002	1.051424e+000	-1.350981e-001
1.490149726717993e-002	9.032701e-001	-1.160297e-001
1.492102851717993e-002	7.415302e-001	-9.521613e-002
1.494055976717993e-002	5.686369e-001	-7.297043e-002
1.496009101717993e-002	3.871908e-001	-4.962719e-002
1.497962226717993e-002	1.999210e-001	-2.553751e-002
1.499915351717993e-002	9.644233e-003	-1.063717e-003
1.501868476717993e-002	-1.807776e-001	2.342607e-002
1.503821601717993e-002	-3.684804e-001	4.756351e-002
1.505774726717993e-002	-5.506409e-001	7.098555e-002
1.507727851717993e-002	-7.245193e-001	9.333990e-002
1.509680976717993e-002	-8.875002e-001	1.142903e-001
1.511634101717993e-002	-1.037132e+000	1.335217e-001
1.513587226717993e-002	-1.171165e+000	1.507448e-001
1.515540351717993e-002	-1.287582e+000	1.657006e-001
1.517493476717993e-002	-1.384633e+000	1.781641e-001
1.519446601717993e-002	-1.460858e+000	1.879478e-001
1.521399726717993e-002	-1.515110e+000	1.949046e-001
1.523352851717993e-002	-1.547355e+000	1.989299e-001
1.525045090717319e-002	-1.556921e+000	1.999992e-001
1.526573422012672e-002	-1.548851e+000	1.990234e-001
1.528526547012672e-002	-1.517319e+000	1.951103e-001
1.530479672012672e-002	-1.464238e+000	1.882625e-001
1.532432797012672e-002	-1.389134e+000	1.785831e-001
1.534385922012672e-002	-1.293135e+000	1.662176e-001
1.536339047012672e-002	-1.177687e+000	1.513521e-001
1.538292172012672e-002	-1.044525e+000	1.342101e-001
1.540245297012672e-002	-8.956529e-001	1.150494e-001
1.542198422012672e-002	-7.333091e-001	9.415828e-002
1.544151547012672e-002	-5.599356e-001	7.185094e-002
1.546104672012672e-002	-3.781402e-001	4.846289e-002
1.548057797012672e-002	-1.906572e-001	2.434591e-002
1.551964047012672e-002	1.900488e-001	-2.461835e-002
1.553917172012672e-002	3.775455e-001	-4.872916e-002
1.555870297012672e-002	5.593637e-001	-7.210705e-002
1.557823422012672e-002	7.327684e-001	-9.440037e-002
1.559776547012672e-002	8.951517e-001	-1.152738e-001
1.561729672012672e-002	1.044071e+000	-1.344135e-001
1.563682797012672e-002	1.177287e+000	-1.515314e-001
1.565635922012672e-002	1.292795e+000	-1.663701e-001
1.567589047012672e-002	1.388858e+000	-1.787065e-001
1.569542172012672e-002	1.464031e+000	-1.883550e-001
1.571495297012672e-002	1.517184e+000	-1.951704e-001
1.573448422012672e-002	1.548120e+000	-1.990504e-001
1.575200694675672e-002	1.556412e+000	-1.999841e-001
1.576826791517520e-002	1.545940e+000	-1.986840e-001
1.578779916517520e-002	1.511708e+000	-1.943859e-001
1.580733041517520e-002	1.455717e+000	-1.871640e-001
1.582686166517520e-002	1.377832e+000	-1.771270e-001
1.584639291517520e-002	1.279223e+000	-1.644259e-001
1.586592416517520e-002	1.161373e+000	-1.492517e-001
1.588545541517520e-002	1.026054e+000	-1.318326e-001
1.590498666517520e-002	8.753033e-001	-1.124305e-001
1.592451791517520e-002	7.113869e-001	-9.133746e-002
1.594404916517520e-002	5.367706e-001	-6.887058e-002
1.596358041517520e-002	3.540807e-001	-4.536783e-002
1.598311166517520e-002	1.660652e-001	-2.118270e-002
1.600264291517520e-002	-2.444814e-002	3.321033e-003
1.602217416517520e-002	-2.145937e-001	2.777482e-002
1.604170541517520e-002	-4.015116e-001	5.181084e-002
1.606123666517520e-002	-5.823904e-001	7.506758e-002
1.608076791517520e-002	-7.545096e-001	9.719524e-002
1.610029916517520e-002	-9.152801e-001	1.178610e-001
1.611983041517519e-002	-1.062284e+000	1.367540e-001
1.613936166517519e-002	-1.193310e+000	1.535901e-001
1.615889291517519e-002	-1.306388e+000	1.681161e-001
1.617842416517519e-002	-1.399816e+000	1.801134e-001
1.619795541517519e-002	-1.472190e+000	1.894017e-001
1.621748666517519e-002	-1.522421e+000	1.958412e-001
1.623701791517519e-002	-1.549753e+000	1.993350e-001
1.625654916517519e-002	-1.553900e+000	1.998307e-001
1.627566296580911e-002	-1.535208e+000	1.974056e-001
1.629519421580911e-002	-1.493145e+000	1.919905e-001
1.631472546580911e-002	-1.428747e+000	1.836877e-001
1.633425671580911e-002	-1.342860e+000	1.726220e-001
1.635378796580911e-002	-1.236775e+000	1.589599e-001
1.637331921580911e-002	-1.112088e+000	1.429069e-001
1.639285046580911e-002	-9.706736e-001	1.247045e-001
1.641238171580911e-002	-8.146595e-001	1.046264e-001
1.643191296580911e-002	-6.463923e-001	8.297464e-002
1.645144421580911e-002	-4.684027e-001	6.007485e-002
1.647097546580911e-002	-2.833680e-001	3.627147e-002
1.649050671580911e-002	-9.407107e-002	1.192254e-002
1.651003796580911e-002	9.664074e-002	-1.260572e-002
1.652956921580910e-002	2.858990e-001	-3.694437e-002
1.654910046580910e-002	4.708571e-001	-6.072735e-002
1.656863171580910e-002	6.487330e-001	-8.359694e-002
1.658816296580910e-002	8.168514e-001	-1.052091e-001
1.660769421580910e-002	9.726835e-001	-1.252389e-001
1.662722546580910e-002	1.113886e+000	-1.433850e-001
1.664675671580910e-002	1.238334e+000	-1.593744e-001
1.666628796580910e-002	1.344156e+000	-1.729666e-001
1.668581921580910e-002	1.429762e+000	-1.839573e-001
1.670535046580910e-002	1.493862e+000	-1.921811e-001
1.672488171580910e-002	1.535493e+000	-1.975144e-001
1.674441296580910e-002	1.554336e+000	-1.998768e-001
1.676292268197227e-002	1.550330e+000	-1.993411e-001
1.678245393197227e-002	1.523095e+000	-1.958563e-001
1.680198518197227e-002	1.473258e+000	-1.894256e-001
1.682151643197227e-002	1.401262e+000	-1.801458e-001
1.684104768197227e-002	1.308190e+000	-1.681565e-001
1.686057893197227e-002	1.195441e+000	-1.536379e-001
1.688011018197227e-002	1.064712e+000	-1.368085e-001
1.689964143197227e-002	9.179683e-001	-1.179213e-001
1.691917268197227e-002	7.574176e-001	-9.726047e-002
1.693870393197227e-002	5.854746e-001	-7.513677e-002
1.695823518197227e-002	4.047256e-001	-5.188294e-002
1.697776643197227e-002	2.178891e-001	-2.784874e-002
1.699729768197227e-002	2.777540e-002	-3.395670e-003
1.701682893197227e-002	-1.627561e-001	2.110847e-002
1.703636018197227e-002	-3.508396e-001	4.529513e-002
1.705589143197227e-002	-5.336461e-001	6.880049e-002
1.707542268197227e-002	-7.084261e-001	9.127104e-002
1.709495393197227e-002	-8.725507e-001	1.123688e-001
1.711448518197227e-002	-1.023551e+000	1.317764e-001
1.713401643197227e-002	-1.159157e+000	1.492020e-001
1.715354768197227e-002	-1.277328e+000	1.643834e-001
1.717307893197227e-002	-1.376286e+000	1.770924e-001
1.719261018197226e-002	-1.454544e+000	1.871377e-001
1.721214143197226e-002	-1.510924e+000	1.943683e-001
1.723167268197226e-002	-1.545709e+000	1.986754e-001
1.724742912752588e-002	-1.556649e+000	1.999739e-001
1.726404438409505e-002	-1.549981e+000	1.992218e-001
1.728357563409505e-002	-1.520848e+000	1.955660e-001
1.730310688409505e-002	-1.469715e+000	1.889687e-001
1.732263813409505e-002	-1.396476e+000	1.795291e-001
1.734216938409505e-002	-1.302232e+000	1.673892e-001
1.736170063409505e-002	-1.188402e+000	1.527317e-001
1.738123188409504e-002	-1.056698e+000	1.357769e-001
1.740076313409504e-002	-9.090992e-001	1.167799e-001
1.742029438409504e-002	-7.478271e-001	9.602640e-002
1.743982563409504e-002	-5.753070e-001	7.382859e-002
1.745935688409504e-002	-3.941337e-001	5.052034e-002
1.747888813409504e-002	-2.070322e-001	2.645222e-002
1.749841938409504e-002	-1.681687e-002	1.986228e-003
1.751795063409504e-002	1.736515e-001	-2.250964e-002
1.753748188409504e-002	3.615079e-001	-4.666694e-002
1.755701313409504e-002	5.439269e-001	-7.012232e-002
1.757654438409504e-002	7.181648e-001	-9.252300e-002
1.759607563409504e-002	8.816007e-001	-1.135321e-001
1.761560688409504e-002	1.031777e+000	-1.328335e-001
1.763513813409504e-002	1.166434e+000	-1.501369e-001
1.765466938409504e-002	1.283546e+000	-1.651822e-001
1.767420063409504e-002	1.381353e+000	-1.777430e-001
1.769373188409504e-002	1.458384e+000	-1.876304e-001
1.771326313409504e-002	1.513478e+000	-1.946956e-001
1.773279438409504e-002	1.546729e+000	-1.988325e-001
1.774925557109208e-002	1.556962e+000	-1.999978e-001
1.776472330786420e-002	1.549731e+000	-1.991448e-001
1.778425455786420e-002	1.519450e+000	-1.953856e-001
1.780378580786420e-002	1.467534e+000	-1.886875e-001
1.782331705786420e-002	1.393545e+000	-1.791514e-001
1.784284830786420e-002	1.298595e+000	-1.669208e-001
1.786237955786420e-002	1.184113e+000	-1.521794e-001
1.788191080786420e-002	1.051821e+000	-1.351492e-001
1.790144205786420e-002	9.037092e-001	-1.160862e-001
1.792097330786420e-002	7.420043e-001	-9.527713e-002
1.794050455786420e-002	5.691389e-001	-7.303502e-002
1.796003580786420e-002	3.877132e-001	-4.969439e-002
1.797956705786420e-002	2.004560e-001	-2.560631e-002
1.799909830786420e-002	1.018365e-002	-1.133094e-003
1.801862955786420e-002	-1.802418e-001	2.335717e-002
1.803816080786420e-002	-3.679563e-001	4.749612e-002
1.805769205786420e-002	-5.501364e-001	7.092068e-002
1.807722330786420e-002	-7.240419e-001	9.327853e-002
1.809675455786420e-002	-8.870571e-001	1.142334e-001
1.811628580786420e-002	-1.036730e+000	1.334701e-001
1.813581705786420e-002	-1.170810e+000	1.506992e-001
1.815534830786419e-002	-1.287280e+000	1.656617e-001
1.817487955786419e-002	-1.384387e+000	1.781325e-001
1.819441080786419e-002	-1.460673e+000	1.879241e-001
1.821394205786419e-002	-1.514988e+000	1.948890e-001
1.823347330786419e-002	-1.547309e+000	1.989227e-001
1.825036101511675e-002	-1.556946e+000	1.999995e-001
1.826558784740995e-002	-1.549008e+000	1.990415e-001
1.828511909740995e-002	-1.517631e+000	1.951506e-001
1.830465034740995e-002	-1.464719e+000	1.883245e-001
1.832418159740995e-002	-1.389776e+000	1.786658e-001
1.834371284740995e-002	-1.293929e+000	1.663199e-001
1.836324409740995e-002	-1.178621e+000	1.514723e-001
1.838277534740995e-002	-1.045584e+000	1.343464e-001
1.840230659740995e-002	-8.968217e-001	1.151998e-001
1.842183784740995e-002	-7.345700e-001	9.432052e-002
1.844136909740995e-002	-5.612696e-001	7.202256e-002
1.846090034740995e-002	-3.795273e-001	4.864132e-002
1.848043159740995e-002	-1.920765e-001	2.452847e-002
1.851949409740995e-002	1.886293e-001	-2.443580e-002
1.853902534740995e-002	3.761580e-001	-4.855075e-002
1.855855659740995e-002	5.580290e-001	-7.193545e-002
1.857808784740994e-002	7.315067e-001	-9.423817e-002
1.859761909740994e-002	8.939819e-001	-1.151235e-001
1.861715034740994e-002	1.043011e+000	-1.342772e-001
1.863668159740994e-002	1.176352e+000	-1.514113e-001
1.865621284740994e-002	1.291999e+000	-1.662680e-001
1.867574409740994e-002	1.388214e+000	-1.786239e-001
1.869527534740994e-002	1.463549e+000	-1.882931e-001
1.871480659740994e-002	1.516870e+000	-1.951302e-001
1.873433784740994e-002	1.548006e+000	-1.990324e-001
1.875176863356545e-002	1.556501e+000	-1.999876e-001
1.876787987593693e-002	1.546411e+000	-1.987392e-001
1.878741112593693e-002	1.512592e+000	-1.945000e-001
1.880694237593693e-002	1.457046e+000	-1.873353e-001
1.882647362593693e-002	1.379586e+000	-1.773530e-001
1.884600487593693e-002	1.281374e+000	-1.647030e-001
1.886553612593693e-002	1.163890e+000	-1.495758e-001
1.888506737593693e-002	1.028900e+000	-1.321989e-001
1.890459862593693e-002	8.784344e-001	-1.128335e-001
1.892412987593693e-002	7.147561e-001	-9.177099e-002
1.894366112593693e-002	5.403273e-001	-6.932818e-002
1.896319237593693e-002	3.577714e-001	-4.584261e-002
1.898272362593693e-002	1.698344e-001	-2.166752e-002
1.900225487593693e-002	-2.065717e-002	2.833466e-003
1.902178612593693e-002	-2.108380e-001	2.729183e-002
1.904131737593693e-002	-3.978477e-001	5.133971e-002
1.906084862593693e-002	-5.788733e-001	7.461539e-002
1.908037987593693e-002	-7.511921e-001	9.676878e-002
1.909991112593693e-002	-9.122124e-001	1.174667e-001
1.911944237593692e-002	-1.059512e+000	1.363978e-001
1.913897362593692e-002	-1.190876e+000	1.532773e-001
1.915850487593692e-002	-1.304327e+000	1.678514e-001
1.917803612593692e-002	-1.398161e+000	1.799009e-001
1.919756737593692e-002	-1.470965e+000	1.892445e-001
1.921709862593692e-002	-1.521644e+000	1.957417e-001
1.923662987593692e-002	-1.549436e+000	1.992947e-001
1.925616112593692e-002	-1.554121e+000	1.998502e-001
1.927503130873445e-002	-1.536255e+000	1.975315e-001
1.929456255873445e-002	-1.494857e+000	1.922114e-001
1.931409380873445e-002	-1.431172e+000	1.840002e-001
1.933362505873445e-002	-1.345962e+000	1.730215e-001
1.935315630873444e-002	-1.240506e+000	1.594404e-001
1.937268755873444e-002	-1.116393e+000	1.434611e-001
1.939221880873444e-002	-9.754875e-001	1.253241e-001
1.941175005873444e-002	-8.199100e-001	1.053021e-001
1.943128130873444e-002	-6.520004e-001	8.369622e-002
1.945081255873444e-002	-4.742841e-001	6.083148e-002
1.947034380873444e-002	-2.894340e-001	3.705179e-002
1.948987505873444e-002	-1.002307e-001	1.271480e-002
1.950940630873444e-002	9.048028e-002	-1.181344e-002
1.952893755873444e-002	2.798303e-001	-3.616398e-002
1.954846880873444e-002	4.649714e-001	-5.997059e-002
1.956800005873444e-002	6.431190e-001	-8.287518e-002
1.958753130873444e-002	8.115934e-001	-1.045333e-001
1.960706255873444e-002	9.678606e-001	-1.246191e-001
1.962659380873444e-002	1.109570e+000	-1.428305e-001
1.964612505873444e-002	1.234591e+000	-1.588936e-001
1.966565630873444e-002	1.341043e+000	-1.725668e-001
1.968518755873444e-002	1.427323e+000	-1.836444e-001
1.970471880873444e-002	1.492136e+000	-1.919599e-001
1.972425005873444e-002	1.534506e+000	-1.973881e-001
1.974378130873444e-002	1.553982e+000	-1.998473e-001
1.976268763354278e-002	1.550394e+000	-1.993648e-001
1.978221888354277e-002	1.523557e+000	-1.959159e-001
1.980175013354277e-002	1.473992e+000	-1.895202e-001
1.982128138354277e-002	1.402256e+000	-1.802740e-001
1.984081263354277e-002	1.309430e+000	-1.683162e-001
1.986034388354277e-002	1.196909e+000	-1.538268e-001
1.987987513354277e-002	1.066385e+000	-1.370238e-001
1.989940638354277e-002	9.198210e-001	-1.181597e-001
1.991893763354277e-002	7.594225e-001	-9.751846e-002
1.993846888354277e-002	5.876015e-001	-7.541042e-002
1.995800013354277e-002	4.069426e-001	-5.216814e-002
1.997753138354277e-002	2.201628e-001	-2.814120e-002
1.999706263354277e-002	3.013596e-002	-3.690994e-003
2.000000000000000e-002	1.375764e-003	-9.797175e-016
