time	V(vout)	V(n001)
0.000000000000000e+000	0.000000e+000	0.000000e+000
7.142857226329270e-009	-1.295479e-005	4.487989e-005
1.428571445265854e-008	-4.337118e-005	8.975979e-005
2.142857167898781e-008	-9.124916e-005	1.346397e-004
2.857142890531708e-008	-1.565888e-004	1.795196e-004
3.571428613164635e-008	-2.393899e-004	2.243995e-004
4.285714335797562e-008	-3.396527e-004	2.692794e-004
5.000000058430487e-008	-4.573771e-004	3.141593e-004
1.000000011686097e-007	-1.572265e-003	6.283185e-004
2.000000023372195e-007	-4.885788e-003	1.256637e-003
4.000000046744390e-007	-1.338778e-002	2.513272e-003
8.000000093488779e-007	-3.241368e-002	5.026527e-003
4.342857193608196e-006	-2.062319e-001	2.730129e-002
7.885714377867513e-006	-3.796060e-001	4.953830e-002
1.142857156212683e-005	-5.525358e-001	7.173754e-002
1.497142874638615e-005	-7.250215e-001	9.389901e-002
1.851428593064547e-005	-8.970629e-001	1.160227e-001
2.205714311490479e-005	-1.068660e+000	1.381087e-001
2.560000029916409e-005	-1.239813e+000	1.601568e-001
4.513125029916410e-005	-2.168767e+000	2.797830e-001
6.466250029916410e-005	-3.066446e+000	3.952008e-001
8.419375029916411e-005	-3.918002e+000	5.046746e-001
1.037250002991641e-004	-4.710628e+000	6.065575e-001
1.232562502991641e-004	-5.432402e+000	6.993172e-001
1.427875002991641e-004	-6.072467e+000	7.815586e-001
1.623187502991641e-004	-6.621198e+000	8.520446e-001
1.818500002991641e-004	-7.070339e+000	9.097151e-001
2.013812502991641e-004	-7.413136e+000	9.537025e-001
2.209125002991641e-004	-7.644433e+000	9.833454e-001
2.404437502991640e-004	-7.760752e+000	9.981979e-001
2.599750002991640e-004	-7.760341e+000	9.980366e-001
2.795062502991641e-004	-7.643208e+000	9.828638e-001
2.990375002991641e-004	-7.411113e+000	9.529079e-001
3.185687502991641e-004	-7.067547e+000	9.086193e-001
3.381000002991641e-004	-6.617679e+000	8.506643e-001
3.576312502991641e-004	-6.068275e+000	7.799145e-001
3.771625002991641e-004	-5.427598e+000	6.974341e-001
3.966937502991642e-004	-4.705285e+000	6.044636e-001
4.162250002991642e-004	-3.912199e+000	5.024014e-001
4.357562502991642e-004	-3.060271e+000	3.927826e-001
4.552875002991642e-004	-2.162313e+000	2.772560e-001
4.748187502991642e-004	-1.231833e+000	1.575592e-001
4.943500002991642e-004	-2.828248e-001	3.549254e-002
5.138812502991642e-004	6.704372e-001	-8.710793e-002
5.334125002991642e-004	1.613615e+000	-2.083982e-001
5.529437502991642e-004	2.532522e+000	-3.265540e-001
5.724750002991643e-004	3.413338e+000	-4.397981e-001
5.920062502991643e-004	4.242814e+000	-5.464272e-001
6.115375002991643e-004	5.008474e+000	-6.448376e-001
6.310687502991643e-004	5.698802e+000	-7.335490e-001
6.506000002991643e-004	6.303414e+000	-8.112271e-001
6.701312502991643e-004	6.813218e+000	-8.767037e-001
6.896625002991644e-004	7.220545e+000	-9.289938e-001
7.091937502991644e-004	7.519268e+000	-9.673109e-001
7.287250002991644e-004	7.710030e+000	-9.910789e-001
7.448206086292526e-004	7.777566e+000	-9.994705e-001
7.630743418223780e-004	7.751437e+000	-9.966277e-001
7.826055918223780e-004	7.613981e+000	-9.790881e-001
8.021368418223780e-004	7.363921e+000	-9.468220e-001
8.216680918223781e-004	7.003099e+000	-9.003149e-001
8.411993418223781e-004	6.536944e+000	-8.402662e-001
8.607305918223781e-004	5.972468e+000	-7.675791e-001
8.802618418223781e-004	5.318160e+000	-6.833469e-001
8.997930918223781e-004	4.583861e+000	-5.888365e-001
9.193243418223781e-004	3.780617e+000	-4.854695e-001
9.388555918223782e-004	2.920509e+000	-3.748006e-001
9.583868418223782e-004	2.016474e+000	-2.584943e-001
9.779180918223782e-004	1.082109e+000	-1.383000e-001
9.974493418223782e-004	1.314692e-001	-1.602557e-002
1.016980591822378e-003	-8.211483e-001	1.064899e-001
1.036511841822378e-003	-1.761415e+000	2.274037e-001
1.056043091822378e-003	-2.675188e+000	3.448971e-001
1.075574341822378e-003	-3.548723e+000	4.572029e-001
1.095105591822378e-003	-4.368883e+000	5.626320e-001
1.114636841822378e-003	-5.123330e+000	6.595985e-001
1.134168091822378e-003	-5.800717e+000	7.466441e-001
1.153699341822378e-003	-6.390857e+000	8.224595e-001
1.173230591822378e-003	-6.884872e+000	8.859043e-001
1.192761841822378e-003	-7.275333e+000	9.360243e-001
1.212293091822378e-003	-7.556366e+000	9.720656e-001
1.231824341822378e-003	-7.729254e+000	9.934862e-001
1.247676074985977e-003	-7.783511e+000	9.998934e-001
1.264136188250303e-003	-7.749743e+000	9.960580e-001
1.283667438250303e-003	-7.603303e+000	9.777090e-001
1.303198688250303e-003	-7.347109e+000	9.446542e-001
1.322729938250303e-003	-6.980407e+000	8.973910e-001
1.342261188250303e-003	-6.508713e+000	8.366302e-001
1.361792438250303e-003	-5.939121e+000	7.632857e-001
1.381323688250303e-003	-5.280200e+000	6.784607e-001
1.400854938250303e-003	-4.541859e+000	5.834309e-001
1.420386188250303e-003	-3.735204e+000	4.796259e-001
1.439917438250303e-003	-2.872369e+000	3.686068e-001
1.459448688250303e-003	-1.966330e+000	2.520435e-001
1.478979938250303e-003	-1.030716e+000	1.316893e-001
1.498511188250303e-003	-7.959979e-002	9.354344e-003
1.518042438250303e-003	8.727138e-001	-1.131213e-001
1.537573688250303e-003	1.811901e+000	-2.338955e-001
1.557104938250303e-003	2.723835e+000	-3.511518e-001
1.576636188250303e-003	3.594800e+000	-4.631263e-001
1.596167438250303e-003	4.411695e+000	-5.681350e-001
1.615698688250303e-003	5.162235e+000	-6.645985e-001
1.635229938250303e-003	5.835130e+000	-7.510657e-001
1.654761188250303e-003	6.420259e+000	-8.262362e-001
1.674292438250303e-003	6.908823e+000	-8.889794e-001
1.693823688250303e-003	7.293470e+000	-9.383515e-001
1.713354938250303e-003	7.568419e+000	-9.736099e-001
1.732886188250303e-003	7.734043e+000	-9.942243e-001
1.749405051094904e-003	7.784897e+000	-9.999930e-001
1.764778867646190e-003	7.748550e+000	-9.956918e-001
1.784310117646190e-003	7.596677e+000	-9.768532e-001
1.803841367646190e-003	7.336775e+000	-9.433218e-001
1.823372617646190e-003	6.966522e+000	-8.956020e-001
1.842903867646190e-003	6.491485e+000	-8.344115e-001
1.862435117646190e-003	5.918810e+000	-7.606707e-001
1.881966367646190e-003	5.257110e+000	-6.754887e-001
1.901497617646190e-003	4.516339e+000	-5.801467e-001
1.921028867646190e-003	3.707637e+000	-4.760787e-001
1.940560117646190e-003	2.843169e+000	-3.648501e-001
1.960091367646190e-003	1.935938e+000	-2.481338e-001
1.979622617646190e-003	9.995883e-001	-1.276853e-001
1.999153867646190e-003	4.820412e-002	-5.316381e-003
2.018685117646190e-003	-9.039049e-001	1.171325e-001
2.038216367646190e-003	-1.842418e+000	2.378197e-001
2.057747617646190e-003	-2.753220e+000	3.549298e-001
2.077278867646190e-003	-3.622610e+000	4.667014e-001
2.096810117646190e-003	-4.437513e+000	5.714535e-001
2.116341367646190e-003	-5.185671e+000	6.676103e-001
2.135872617646190e-003	-5.855833e+000	7.537256e-001
2.155403867646190e-003	-6.437917e+000	8.285043e-001
2.174935117646190e-003	-6.923169e+000	8.908214e-001
2.194466367646190e-003	-7.304290e+000	9.397397e-001
2.213997617646190e-003	-7.575549e+000	9.745235e-001
2.233528867646190e-003	-7.736774e+000	9.946496e-001
2.250451477803203e-003	-7.784606e+000	9.999959e-001
2.265735149292713e-003	-7.744253e+000	9.951167e-001
2.285266399292713e-003	-7.586586e+000	9.755502e-001
2.304797649292713e-003	-7.321177e+000	9.413107e-001
2.324328899292713e-003	-6.945651e+000	8.929129e-001
2.343860149292713e-003	-6.465654e+000	8.310849e-001
2.363391399292713e-003	-5.888409e+000	7.567566e-001
2.382922649292713e-003	-5.222596e+000	6.710460e-001
2.402453899292713e-003	-4.478230e+000	5.752422e-001
2.421985149292713e-003	-3.666507e+000	4.707862e-001
2.441516399292713e-003	-2.799637e+000	3.592492e-001
2.461047649292713e-003	-1.890657e+000	2.423088e-001
2.480578899292713e-003	-9.532411e-001	1.217238e-001
2.500110149292713e-003	-1.487303e-003	-6.920884e-004
2.519641399292714e-003	9.502887e-001	-1.230975e-001
2.539172649292714e-003	1.887771e+000	-2.436515e-001
2.558703899292714e-003	2.796860e+000	-3.605407e-001
2.578235149292714e-003	3.663881e+000	-4.720070e-001
2.597766399292714e-003	4.475794e+000	-5.763739e-001
2.617297649292714e-003	5.220387e+000	-6.720716e-001
2.636828899292714e-003	5.886459e+000	-7.576607e-001
2.656360149292714e-003	6.463995e+000	-8.318539e-001
2.675891399292714e-003	6.944306e+000	-8.935353e-001
2.695422649292714e-003	7.320169e+000	-9.417770e-001
2.714953899292714e-003	7.585930e+000	-9.758536e-001
2.734485149292714e-003	7.740602e+000	-9.952523e-001
2.752008459549084e-003	7.782060e+000	-9.999204e-001
2.768270378407419e-003	7.729684e+000	-9.934182e-001
2.787801628407419e-003	7.558512e+000	-9.719257e-001
2.807332878407419e-003	7.278548e+000	-9.358147e-001
2.826864128407419e-003	6.889108e+000	-8.856281e-001
2.846395378407419e-003	6.396048e+000	-8.221208e-001
2.865926628407419e-003	5.806786e+000	-7.462481e-001
2.885457878407419e-003	5.130184e+000	-6.591511e-001
2.904989128407419e-003	4.376419e+000	-5.621399e-001
2.924520378407419e-003	3.556828e+000	-4.566735e-001
2.944051628407420e-003	2.683741e+000	-3.443384e-001
2.963582878407420e-003	1.770287e+000	-2.268241e-001
2.983114128407420e-003	8.302064e-001	-1.058981e-001
3.002645378407420e-003	-1.223609e-001	1.662064e-002
3.022176628407420e-003	-1.073088e+000	1.388894e-001
3.041707878407420e-003	-2.007674e+000	2.590691e-001
3.061239128407420e-003	-2.912063e+000	3.753523e-001
3.080770378407420e-003	-3.772651e+000	4.859897e-001
3.100301628407420e-003	-4.576496e+000	5.893174e-001
3.119832878407420e-003	-5.311505e+000	6.837813e-001
3.139364128407420e-003	-5.966625e+000	7.679604e-001
3.158895378407420e-003	-6.532001e+000	8.405887e-001
3.178426628407420e-003	-6.999130e+000	9.005737e-001
3.197957878407420e-003	-7.360986e+000	9.470133e-001
3.217489128407420e-003	-7.612126e+000	9.792089e-001
3.237020378407420e-003	-7.748774e+000	9.966764e-001
3.256551628407420e-003	-7.769495e+000	9.991528e-001
3.275666975425134e-003	-7.676011e+000	9.870241e-001
3.295198225425134e-003	-7.465672e+000	9.599454e-001
3.314729475425134e-003	-7.143662e+000	9.184284e-001
3.334260725425134e-003	-6.714205e+000	8.630973e-001
3.353791975425134e-003	-6.183760e+000	7.947843e-001
3.373323225425134e-003	-5.560305e+000	7.145171e-001
3.392854475425134e-003	-4.853217e+000	6.235029e-001
3.412385725425134e-003	-4.073133e+000	5.231106e-001
3.431916975425134e-003	-3.231785e+000	4.148503e-001
3.451448225425134e-003	-2.341828e+000	3.003502e-001
3.470979475425134e-003	-1.416648e+000	1.813326e-001
3.490510725425134e-003	-4.701599e-001	5.958755e-002
3.510041975425134e-003	4.833991e-001	-6.305373e-002
3.529573225425134e-003	1.429687e+000	-1.847466e-001
3.549104475425134e-003	2.354471e+000	-3.036608e-001
3.568635725425134e-003	3.243842e+000	-4.180076e-001
3.588166975425134e-003	4.084422e+000	-5.260671e-001
3.607698225425134e-003	4.863568e+000	-6.262142e-001
3.627229475425134e-003	5.569562e+000	-7.169424e-001
3.646760725425134e-003	6.191785e+000	-7.968871e-001
3.666291975425134e-003	6.720877e+000	-8.648459e-001
3.685823225425134e-003	7.148882e+000	-9.197966e-001
3.705354475425134e-003	7.469361e+000	-9.609127e-001
3.724885725425134e-003	7.677494e+000	-9.875758e-001
3.744416975425134e-003	7.771689e+000	-9.993848e-001
3.762924173823277e-003	7.751649e+000	-9.967047e-001
3.782455423823277e-003	7.615464e+000	-9.792796e-001
3.801986673823277e-003	7.366272e+000	-9.471252e-001
3.821517923823277e-003	7.006283e+000	-9.007251e-001
3.841049173823277e-003	6.540914e+000	-8.407773e-001
3.860580423823277e-003	5.977162e+000	-7.681835e-001
3.880111673823277e-003	5.323509e+000	-6.840354e-001
3.899642923823277e-003	4.589785e+000	-5.895988e-001
3.919174173823277e-003	3.787026e+000	-4.862942e-001
3.938705423823277e-003	2.927307e+000	-3.756751e-001
3.958236673823276e-003	2.023558e+000	-2.594056e-001
3.977767923823276e-003	1.089374e+000	-1.392344e-001
3.997299173823275e-003	1.388042e-001	-1.696898e-002
4.016830423823275e-003	-8.138528e-001	1.055517e-001
4.036361673823275e-003	-1.754269e+000	2.264848e-001
4.055892923823274e-003	-2.668298e+000	3.440113e-001
4.075424173823274e-003	-3.542194e+000	4.563636e-001
4.094955423823273e-003	-4.362812e+000	5.618517e-001
4.114486673823273e-003	-5.117809e+000	6.588891e-001
4.134017923823273e-003	-5.795830e+000	7.460161e-001
4.153549173823272e-003	-6.386676e+000	8.219224e-001
4.173080423823272e-003	-6.881461e+000	8.854662e-001
4.192611673823271e-003	-7.272742e+000	9.356918e-001
4.212142923823271e-003	-7.554635e+000	9.718437e-001
4.231674173823270e-003	-7.728549e+000	9.933782e-001
4.247431556707668e-003	-7.783250e+000	9.998698e-001
4.264045287175838e-003	-7.749902e+000	9.961086e-001
4.283576537175838e-003	-7.604231e+000	9.778287e-001
4.303107787175837e-003	-7.348561e+000	9.448415e-001
4.322639037175837e-003	-6.982362e+000	8.976429e-001
4.342170287175836e-003	-6.511141e+000	8.369430e-001
4.361701537175836e-003	-5.941987e+000	7.636546e-001
4.381232787175836e-003	-5.283459e+000	6.788802e-001
4.400764037175835e-003	-4.545462e+000	5.838947e-001
4.420295287175835e-003	-3.739098e+000	4.801270e-001
4.439826537175834e-003	-2.876495e+000	3.691377e-001
4.459357787175834e-003	-1.970626e+000	2.525962e-001
4.478889037175833e-003	-1.035118e+000	1.322555e-001
4.498420287175833e-003	-8.404033e-002	9.925465e-003
4.517951537175833e-003	8.683009e-001	-1.125538e-001
4.537482787175832e-003	1.807582e+000	-2.333402e-001
4.557014037175832e-003	2.719675e+000	-3.506169e-001
4.576545287175831e-003	3.590862e+000	-4.626200e-001
4.596076537175831e-003	4.408038e+000	-5.676649e-001
4.615607787175831e-003	5.158914e+000	-6.641716e-001
4.635139037175830e-003	5.832194e+000	-7.506885e-001
4.654670287175830e-003	6.417753e+000	-8.259144e-001
4.674201537175829e-003	6.906784e+000	-8.887177e-001
4.693732787175829e-003	7.291931e+000	-9.381539e-001
4.713264037175828e-003	7.567400e+000	-9.734794e-001
4.732795287175828e-003	7.733647e+000	-9.941629e-001
4.749257041534661e-003	7.784810e+000	-9.999891e-001
4.764723854410551e-003	7.748657e+000	-9.957237e-001
4.784255104410551e-003	7.597249e+000	-9.769270e-001
4.803786354410550e-003	7.337665e+000	-9.434364e-001
4.823317604410550e-003	6.967715e+000	-8.957557e-001
4.842848854410550e-003	6.492964e+000	-8.346019e-001
4.862380104410549e-003	5.920552e+000	-7.608950e-001
4.881911354410549e-003	5.259090e+000	-6.757435e-001
4.901442604410548e-003	4.518526e+000	-5.804282e-001
4.920973854410548e-003	3.709999e+000	-4.763826e-001
4.940505104410548e-003	2.845671e+000	-3.651719e-001
4.960036354410547e-003	1.938541e+000	-2.484686e-001
4.979567604410547e-003	1.002254e+000	-1.280282e-001
4.999098854410546e-003	5.089162e-002	-5.662034e-003
5.018630104410546e-003	-9.012356e-001	1.167893e-001
5.038161354410545e-003	-1.839807e+000	2.374839e-001
5.057692604410545e-003	-2.750706e+000	3.546066e-001
5.077223854410545e-003	-3.620232e+000	4.663957e-001
5.096755104410544e-003	-4.435306e+000	5.711698e-001
5.116286354410544e-003	-5.183668e+000	6.673529e-001
5.135817604410543e-003	-5.854064e+000	7.534984e-001
5.155348854410543e-003	-6.436409e+000	8.283106e-001
5.174880104410543e-003	-6.921945e+000	8.906643e-001
5.194411354410542e-003	-7.303369e+000	9.396215e-001
5.213942604410542e-003	-7.574944e+000	9.744459e-001
5.233473854410541e-003	-7.736545e+000	9.946138e-001
5.250361905007093e-003	-7.784727e+000	9.999974e-001
5.265589296433447e-003	-7.745031e+000	9.952067e-001
5.285120546433446e-003	-7.588143e+000	9.757513e-001
5.304651796433446e-003	-7.323574e+000	9.416196e-001
5.324183046433445e-003	-6.948850e+000	8.933252e-001
5.343714296433445e-003	-6.469609e+000	8.315942e-001
5.363245546433445e-003	-5.893059e+000	7.573553e-001
5.382776796433444e-003	-5.227872e+000	6.717252e-001
5.402308046433444e-003	-4.484053e+000	5.759916e-001
5.421839296433443e-003	-3.672789e+000	4.715946e-001
5.441370546433443e-003	-2.806283e+000	3.601043e-001
5.460901796433442e-003	-1.897568e+000	2.431978e-001
5.480433046433442e-003	-9.603122e-001	1.226333e-001
5.499964296433442e-003	-8.612635e-003	2.243321e-004
5.519495546433441e-003	9.432164e-001	-1.221880e-001
5.539026796433441e-003	1.880858e+000	-2.427626e-001
5.558558046433440e-003	2.790210e+000	-3.596857e-001
5.578089296433440e-003	3.657595e+000	-4.711989e-001
5.597620546433440e-003	4.469965e+000	-5.756248e-001
5.617151796433439e-003	5.215104e+000	-6.713927e-001
5.636683046433439e-003	5.881802e+000	-7.570623e-001
5.656214296433438e-003	6.460032e+000	-8.313450e-001
5.675745546433438e-003	6.941099e+000	-8.931234e-001
5.695276796433437e-003	7.317764e+000	-9.414685e-001
5.714808046433437e-003	7.584365e+000	-9.756529e-001
5.734339296433437e-003	7.740037e+000	-9.951627e-001
5.751770992768144e-003	7.782502e+000	-9.999381e-001
5.767883717378744e-003	7.732033e+000	-9.936935e-001
5.787414967378743e-003	7.562918e+000	-9.724945e-001
5.806946217378743e-003	7.285169e+000	-9.366683e-001
5.826477467378743e-003	6.897844e+000	-8.867537e-001
5.846008717378742e-003	6.406769e+000	-8.235015e-001
5.865539967378742e-003	5.819330e+000	-7.478631e-001
5.885071217378741e-003	5.144362e+000	-6.609762e-001
5.904602467378741e-003	4.392019e+000	-5.641475e-001
5.924133717378740e-003	3.573615e+000	-4.588335e-001
5.943664967378740e-003	2.701461e+000	-3.466183e-001
5.963196217378740e-003	1.788675e+000	-2.291895e-001
5.982727467378739e-003	8.489854e-001	-1.083136e-001
6.002258717378739e-003	-1.034734e-001	1.419146e-002
6.021789967378738e-003	-1.054376e+000	1.364831e-001
6.041321217378738e-003	-1.989419e+000	2.567219e-001
6.060852467378738e-003	-2.894540e+000	3.730993e-001
6.080383717378737e-003	-3.756124e+000	4.838650e-001
6.099914967378737e-003	-4.561212e+000	5.873529e-001
6.119446217378736e-003	-5.297695e+000	6.820065e-001
6.138977467378736e-003	-5.954495e+000	7.664021e-001
6.158508717378735e-003	-6.521736e+000	8.392702e-001
6.178039967378735e-003	-6.990883e+000	8.995150e-001
6.197571217378735e-003	-7.354881e+000	9.462302e-001
6.217102467378734e-003	-7.608256e+000	9.787132e-001
6.236633717378734e-003	-7.747195e+000	9.964755e-001
6.256164967378733e-003	-7.770596e+000	9.992499e-001
6.275037562015908e-003	-7.681223e+000	9.876514e-001
6.294568812015907e-003	-7.474203e+000	9.610460e-001
6.314100062015907e-003	-7.155746e+000	9.199856e-001
6.333631312015906e-003	-6.729659e+000	8.650877e-001
6.353162562015906e-003	-6.202351e+000	7.971782e-001
6.372693812015906e-003	-5.581754e+000	7.172783e-001
6.392225062015905e-003	-4.877202e+000	6.265899e-001
6.411756312015905e-003	-4.099292e+000	5.264770e-001
6.431287562015904e-003	-3.259726e+000	4.184454e-001
6.450818812015904e-003	-2.371130e+000	3.041200e-001
6.470350062015903e-003	-1.446870e+000	1.852203e-001
6.489881312015903e-003	-5.008486e-001	6.353477e-002
6.509412562015903e-003	4.527062e-001	-5.910640e-002
6.528943812015902e-003	1.399452e+000	-1.808586e-001
6.548475062015902e-003	2.325148e+000	-2.998904e-001
6.568006312015901e-003	3.215872e+000	-4.144117e-001
6.587537562015901e-003	4.058226e+000	-5.226998e-001
6.607068812015901e-003	4.839540e+000	-6.231260e-001
6.626600062015900e-003	5.548063e+000	-7.141798e-001
6.646131312015900e-003	6.173139e+000	-7.944917e-001
6.665662562015899e-003	6.705364e+000	-8.628537e-001
6.685193812015899e-003	7.136735e+000	-9.182376e-001
6.704725062015898e-003	7.460763e+000	-9.598103e-001
6.724256312015898e-003	7.672575e+000	-9.869466e-001
6.743787562015898e-003	7.769929e+000	-9.992383e-001
6.762689960767491e-003	7.751966e+000	-9.968230e-001
6.782221210767491e-003	7.617763e+000	-9.795765e-001
6.801752460767491e-003	7.369925e+000	-9.475963e-001
6.821283710767490e-003	7.011237e+000	-9.013634e-001
6.840814960767490e-003	6.547092e+000	-8.415731e-001
6.860346210767489e-003	5.984474e+000	-7.691248e-001
6.879877460767489e-003	5.331842e+000	-6.851082e-001
6.899408710767488e-003	4.599015e+000	-5.907868e-001
6.918939960767488e-003	3.797015e+000	-4.875795e-001
6.938471210767488e-003	2.937904e+000	-3.770386e-001
6.958002460767487e-003	2.034604e+000	-2.608266e-001
6.977533710767487e-003	1.100702e+000	-1.406915e-001
6.997064960767486e-003	1.502442e-001	-1.844035e-002
7.016596210767486e-003	-8.024728e-001	1.040882e-001
7.036127460767486e-003	-1.743120e+000	2.250511e-001
7.055658710767485e-003	-2.657548e+000	3.426291e-001
7.075189960767485e-003	-3.532005e+000	4.550537e-001
7.094721210767484e-003	-4.353336e+000	5.606337e-001
7.114252460767484e-003	-5.109190e+000	6.577814e-001
7.133783710767483e-003	-5.788197e+000	7.450354e-001
7.153314960767483e-003	-6.380143e+000	8.210833e-001
7.172846210767483e-003	-6.876127e+000	8.847814e-001
7.192377460767482e-003	-7.268688e+000	9.351716e-001
7.211908710767482e-003	-7.551921e+000	9.714959e-001
7.231439960767481e-003	-7.727436e+000	9.932081e-001
7.247050186702637e-003	-7.782810e+000	9.998282e-001
7.263903502947533e-003	-7.750144e+000	9.961867e-001
7.283434752947533e-003	-7.605672e+000	9.780149e-001
7.302966002947532e-003	-7.350821e+000	9.451329e-001
7.322497252947532e-003	-6.985406e+000	8.980352e-001
7.342028502947531e-003	-6.514925e+000	8.374302e-001
7.361559752947531e-003	-5.946451e+000	7.642295e-001
7.381091002947531e-003	-5.288538e+000	6.795340e-001
7.400622252947530e-003	-4.551080e+000	5.846177e-001
7.420153502947530e-003	-3.745170e+000	4.809083e-001
7.439684752947529e-003	-2.882929e+000	3.699655e-001
7.459216002947529e-003	-1.977326e+000	2.534581e-001
7.478747252947528e-003	-1.041982e+000	1.331384e-001
7.498278502947528e-003	-9.096646e-002	1.081627e-002
7.517809752947528e-003	8.614174e-001	-1.116686e-001
7.537341002947527e-003	1.800844e+000	-2.324738e-001
7.556872252947527e-003	2.713185e+000	-3.497825e-001
7.576403502947526e-003	3.584717e+000	-4.618300e-001
7.595934752947526e-003	4.402331e+000	-5.669313e-001
7.615466002947526e-003	5.153729e+000	-6.635053e-001
7.634997252947525e-003	5.827611e+000	-7.500997e-001
7.654528502947525e-003	6.413841e+000	-8.254118e-001
7.674059752947524e-003	6.903600e+000	-8.883089e-001
7.693591002947524e-003	7.289524e+000	-9.378451e-001
7.713122252947523e-003	7.565806e+000	-9.732752e-001
7.732653502947523e-003	7.733023e+000	-9.940664e-001
7.749026180598178e-003	7.784663e+000	-9.999813e-001
7.764638045556031e-003	7.748823e+000	-9.957734e-001
7.784169295556031e-003	7.598139e+000	-9.770421e-001
7.803700545556030e-003	7.339050e+000	-9.436151e-001
7.823231795556031e-003	6.969574e+000	-8.959953e-001
7.842763045556030e-003	6.495269e+000	-8.348988e-001
7.862294295556030e-003	5.923269e+000	-7.612447e-001
7.881825545556030e-003	5.262177e+000	-6.761408e-001
7.901356795556029e-003	4.521937e+000	-5.808671e-001
7.920888045556029e-003	3.713683e+000	-4.768566e-001
7.940419295556028e-003	2.849571e+000	-3.656738e-001
7.959950545556028e-003	1.942600e+000	-2.489908e-001
7.979481795556027e-003	1.006410e+000	-1.285629e-001
7.999013045556027e-003	5.508353e-002	-6.201178e-003
8.018544295556027e-003	-8.970717e-001	1.162538e-001
8.038075545556026e-003	-1.835734e+000	2.369602e-001
8.057606795556026e-003	-2.746785e+000	3.541025e-001
8.077138045556025e-003	-3.616521e+000	4.659187e-001
8.096669295556025e-003	-4.431862e+000	5.707271e-001
8.116200545556025e-003	-5.180543e+000	6.669513e-001
8.135731795556024e-003	-5.851304e+000	7.531438e-001
8.155263045556024e-003	-6.434056e+000	8.280084e-001
8.174794295556023e-003	-6.920035e+000	8.904190e-001
8.194325545556023e-003	-7.301929e+000	9.394369e-001
8.213856795556022e-003	-7.573997e+000	9.743247e-001
8.233388045556022e-003	-7.738724e+000	9.945578e-001
8.248527651729370e-003	-7.785569e+000	9.999572e-001
8.264452742236212e-003	-7.749172e+000	9.958797e-001
8.283983992236212e-003	-7.600055e+000	9.772894e-001
8.303515242236211e-003	-7.342034e+000	9.439999e-001
8.323046492236211e-003	-6.973582e+000	8.965117e-001
8.342577742236210e-003	-6.500241e+000	8.355391e-001
8.362108992236210e-003	-5.929129e+000	7.619992e-001
8.381640242236210e-003	-5.268837e+000	6.769982e-001
8.401171492236209e-003	-4.529298e+000	5.818145e-001
8.420702742236209e-003	-3.721633e+000	4.778797e-001
8.440233992236208e-003	-2.857992e+000	3.667572e-001
8.459765242236208e-003	-1.951364e+000	2.501183e-001
8.479296492236207e-003	-1.015386e+000	1.297174e-001
8.498827742236207e-003	-6.413586e-002	7.365446e-003
8.518358992236207e-003	8.880789e-001	-1.150973e-001
8.537890242236206e-003	1.826936e+000	-2.358289e-001
8.557421492236206e-003	2.738314e+000	-3.530134e-001
8.576952742236205e-003	3.608505e+000	-4.648882e-001
8.596483992236205e-003	4.424421e+000	-5.697707e-001
8.616015242236205e-003	5.173789e+000	-6.660833e-001
8.635546492236204e-003	5.845339e+000	-7.523774e-001
8.655077742236204e-003	6.428970e+000	-8.273550e-001
8.674608992236203e-003	6.915903e+000	-8.898885e-001
8.694140242236203e-003	7.298815e+000	-9.390372e-001
8.713671492236202e-003	7.571946e+000	-9.740619e-001
8.733202742236202e-003	7.735404e+000	-9.944358e-001
8.749920475737180e-003	7.785154e+000	-9.999999e-001
8.764970442303073e-003	7.748170e+000	-9.955794e-001
8.784501692303073e-003	7.594677e+000	-9.765950e-001
8.804032942303072e-003	7.333672e+000	-9.429216e-001
8.823564192303072e-003	6.962361e+000	-8.950658e-001
8.843095442303071e-003	6.486329e+000	-8.337474e-001
8.862626692303071e-003	5.912737e+000	-7.598888e-001
8.882157942303071e-003	5.250211e+000	-6.746006e-001
8.901689192303070e-003	4.508717e+000	-5.791658e-001
8.921220442303070e-003	3.699408e+000	-4.750198e-001
8.940751692303069e-003	2.834457e+000	-3.637291e-001
8.960282942303069e-003	1.926872e+000	-2.469676e-001
8.979814192303069e-003	9.903063e-001	-1.264914e-001
8.999345442303068e-003	3.884530e-002	-4.112696e-003
9.018876692303068e-003	-9.131998e-001	1.183279e-001
9.038407942303067e-003	-1.851509e+000	2.389887e-001
9.057939192303067e-003	-2.761970e+000	3.560549e-001
9.077470442303066e-003	-3.630888e+000	4.677657e-001
9.097001692303066e-003	-4.445194e+000	5.724409e-001
9.116532942303066e-003	-5.192641e+000	6.685060e-001
9.136064192303065e-003	-5.861985e+000	7.545161e-001
9.155595442303065e-003	-6.443160e+000	8.291777e-001
9.175126692303064e-003	-6.927423e+000	8.913676e-001
9.194657942303064e-003	-7.307493e+000	9.401506e-001
9.214189192303064e-003	-7.577651e+000	9.747928e-001
9.233720442303063e-003	-7.737563e+000	9.947732e-001
9.250763398696115e-003	-7.784163e+000	9.999885e-001
9.266243054403954e-003	-7.741491e+000	9.947966e-001
9.285774304403954e-003	-7.581116e+000	9.748439e-001
9.305305554403953e-003	-7.312786e+000	9.402287e-001
9.324836804403953e-003	-6.934464e+000	8.914716e-001
9.344368054403952e-003	-6.451840e+000	8.293059e-001
9.363899304403952e-003	-5.872176e+000	7.546666e-001
9.383430554403952e-003	-5.204187e+000	6.686766e-001
9.402961804403951e-003	-4.457923e+000	5.726289e-001
9.422493054403951e-003	-3.644608e+000	4.679684e-001
9.442024304403950e-003	-2.776474e+000	3.562692e-001
9.461555554403950e-003	-1.866580e+000	2.392114e-001
9.481086804403949e-003	-9.286109e-001	1.185556e-001
9.500618054403949e-003	2.332529e-002	-3.883341e-003
9.520149304403949e-003	9.749104e-001	-1.262639e-001
9.539680554403948e-003	1.911832e+000	-2.467453e-001
9.559211804403948e-003	2.819997e+000	-3.635155e-001
9.578743054403947e-003	3.685747e+000	-4.748180e-001
9.598274304403947e-003	4.496060e+000	-5.789788e-001
9.617805554403947e-003	5.238748e+000	-6.744313e-001
9.637336804403946e-003	5.902640e+000	-7.597396e-001
9.656868054403946e-003	6.477751e+000	-8.336208e-001
9.676399304403945e-003	6.955431e+000	-8.949636e-001
9.695930554403945e-003	7.328496e+000	-9.428452e-001
9.715461804403944e-003	7.591333e+000	-9.765456e-001
9.734993054403944e-003	7.739990e+000	-9.955578e-001
9.754524304403944e-003	7.774762e+000	-9.995960e-001
9.772366625851658e-003	7.702011e+000	-9.901414e-001
9.791897875851658e-003	7.509102e+000	-9.655488e-001
9.811429125851657e-003	7.205772e+000	-9.264335e-001
9.830960375851657e-003	6.794061e+000	-8.733838e-001
9.850491625851656e-003	6.280160e+000	-8.071975e-001
9.870022875851656e-003	5.671800e+000	-7.288702e-001
9.889554125851656e-003	4.978130e+000	-6.395801e-001
9.909085375851655e-003	4.209585e+000	-5.406700e-001
9.928616625851655e-003	3.377723e+000	-4.336279e-001
9.948147875851654e-003	2.495058e+000	-3.200635e-001
9.967679125851654e-003	1.574864e+000	-2.016851e-001
9.987210375851654e-003	6.309839e-001	-8.027311e-002
1.000674162585165e-002	-3.223870e-001	4.234622e-002
1.002627287585165e-002	-1.270909e+000	1.643286e-001
1.004580412585165e-002	-2.200315e+000	2.838394e-001
1.006533537585165e-002	-3.096626e+000	3.990809e-001
1.008486662585165e-002	-3.946360e+000	5.083199e-001
1.010439787585165e-002	-4.736738e+000	6.099133e-001
1.012392912585165e-002	-5.455871e+000	7.023330e-001
1.014346037585165e-002	-6.092942e+000	7.841890e-001
1.016299162585165e-002	-6.638371e+000	8.542501e-001
1.018252287585165e-002	-7.083951e+000	9.114624e-001
1.020205412585165e-002	-7.422984e+000	9.549655e-001
1.022158537585165e-002	-7.650368e+000	9.841051e-001
1.024111662585165e-002	-7.762684e+000	9.984427e-001
1.026064787585165e-002	-7.758242e+000	9.977629e-001
1.028017912585165e-002	-7.637108e+000	9.820758e-001
1.029971037585165e-002	-7.401105e+000	9.516173e-001
1.031924162585165e-002	-7.053782e+000	9.068456e-001
1.033877287585165e-002	-6.600364e+000	8.484342e-001
1.035830412585165e-002	-6.047669e+000	7.772614e-001
1.037783537585165e-002	-5.404012e+000	6.943980e-001
1.039736662585165e-002	-4.679073e+000	6.010901e-001
1.041689787585164e-002	-3.883757e+000	4.987414e-001
1.043642912585164e-002	-3.030025e+000	3.888910e-001
1.045596037585164e-002	-2.130719e+000	2.731915e-001
1.047549162585164e-002	-1.199365e+000	1.533828e-001
1.049502287585164e-002	-2.499722e-001	3.126710e-002
1.051455412585164e-002	7.031806e-001	-9.131887e-002
1.053408537585164e-002	1.645757e+000	-2.125313e-001
1.055361662585164e-002	2.563579e+000	-3.305471e-001
1.057314787585164e-002	3.442842e+000	-4.435911e-001
1.059267912585164e-002	4.270322e+000	-5.499632e-001
1.061221037585164e-002	5.033572e+000	-6.480632e-001
1.063174162585164e-002	5.721112e+000	-7.364158e-001
1.065127287585164e-002	6.322602e+000	-8.136920e-001
1.067080412585164e-002	6.828995e+000	-8.787295e-001
1.069033537585164e-002	7.232673e+000	-9.305502e-001
1.070986662585164e-002	7.527565e+000	-9.683744e-001
1.072939787585164e-002	7.715005e+000	-9.916334e-001
1.074507072084618e-002	7.778747e+000	-9.995204e-001
1.076316738315329e-002	7.751303e+000	-9.965796e-001
1.078269863315329e-002	7.613059e+000	-9.789690e-001
1.080222988315329e-002	7.362461e+000	-9.466338e-001
1.082176113315329e-002	7.001123e+000	-9.000603e-001
1.084129238315329e-002	6.534482e+000	-8.399491e-001
1.086082363315329e-002	5.969557e+000	-7.672042e-001
1.088035488315329e-002	5.314843e+000	-6.829200e-001
1.089988613315329e-002	4.580189e+000	-5.883639e-001
1.091941738315328e-002	3.776644e+000	-4.849583e-001
1.093894863315328e-002	2.916296e+000	-3.742585e-001
1.095847988315328e-002	2.012084e+000	-2.579295e-001
1.097801113315328e-002	1.077608e+000	-1.377210e-001
1.099754238315328e-002	1.269245e-001	-1.544105e-002
1.101707363315328e-002	-8.256681e-001	1.070712e-001
1.103660488315328e-002	-1.765842e+000	2.279729e-001
1.105613613315328e-002	-2.679455e+000	3.454458e-001
1.107566738315328e-002	-3.552767e+000	4.577228e-001
1.109519863315328e-002	-4.372642e+000	5.631152e-001
1.111472988315328e-002	-5.126748e+000	6.600378e-001
1.113426113315328e-002	-5.803743e+000	7.470329e-001
1.115379238315328e-002	-6.393445e+000	8.227919e-001
1.117332363315328e-002	-6.886983e+000	8.861753e-001
1.119285488315328e-002	-7.276936e+000	9.362299e-001
1.121238613315328e-002	-7.557436e+000	9.722027e-001
1.123191738315328e-002	-7.729688e+000	9.935526e-001
1.124782757363982e-002	-7.783665e+000	9.999068e-001
1.126419250699283e-002	-7.749644e+000	9.960266e-001
1.128372375699283e-002	-7.602728e+000	9.776346e-001
1.130325500699283e-002	-7.346209e+000	9.445381e-001
1.132278625699283e-002	-6.979195e+000	8.972349e-001
1.134231750699283e-002	-6.507208e+000	8.364363e-001
1.136184875699283e-002	-5.937346e+000	7.630571e-001
1.138138000699283e-002	-5.278180e+000	6.782007e-001
1.140091125699282e-002	-4.539625e+000	5.831435e-001
1.142044250699282e-002	-3.732791e+000	4.793154e-001
1.143997375699282e-002	-2.869812e+000	3.682778e-001
1.145950500699282e-002	-1.963668e+000	2.517011e-001
1.147903625699282e-002	-1.027989e+000	1.313385e-001
1.149856750699282e-002	-7.684859e-002	9.000498e-003
1.151809875699282e-002	8.754477e-001	-1.134729e-001
1.153763000699282e-002	1.814576e+000	-2.342396e-001
1.155716125699282e-002	2.726412e+000	-3.514830e-001
1.157669250699282e-002	3.597239e+000	-4.634399e-001
1.159622375699282e-002	4.413961e+000	-5.684262e-001
1.161575500699282e-002	5.164292e+000	-6.648628e-001
1.163528625699282e-002	5.836948e+000	-7.512993e-001
1.165481750699282e-002	6.421811e+000	-8.264355e-001
1.167434875699282e-002	6.910084e+000	-8.891414e-001
1.169388000699282e-002	7.294423e+000	-9.384738e-001
1.171341125699282e-002	7.569048e+000	-9.736906e-001
1.173294250699282e-002	7.734288e+000	-9.942622e-001
1.174949675176921e-002	7.784948e+000	-9.999950e-001
1.176481295143126e-002	7.748484e+000	-9.956719e-001
1.178434420143126e-002	7.596322e+000	-9.768074e-001
1.180387545143126e-002	7.336224e+000	-9.432507e-001
1.182340670143126e-002	6.965782e+000	-8.955067e-001
1.184293795143126e-002	6.490568e+000	-8.342934e-001
1.186246920143126e-002	5.917730e+000	-7.605316e-001
1.188200045143126e-002	5.255883e+000	-6.753307e-001
1.190153170143126e-002	4.514983e+000	-5.799722e-001
1.192106295143126e-002	3.706173e+000	-4.758904e-001
1.194059420143125e-002	2.841620e+000	-3.646507e-001
1.196012545143125e-002	1.934325e+000	-2.479263e-001
1.197965670143125e-002	9.979370e-001	-1.274729e-001
1.199918795143125e-002	4.653907e-002	-5.102229e-003
1.201871920143125e-002	-9.055587e-001	1.173452e-001
1.203825045143125e-002	-1.844036e+000	2.380277e-001
1.205778170143125e-002	-2.754777e+000	3.551300e-001
1.207731295143125e-002	-3.624083e+000	4.668908e-001
1.209684420143125e-002	-4.438880e+000	5.716292e-001
1.211637545143125e-002	-5.186912e+000	6.677697e-001
1.213590670143125e-002	-5.856928e+000	7.538664e-001
1.215543795143125e-002	-6.438850e+000	8.286241e-001
1.217496920143125e-002	-6.923926e+000	8.909187e-001
1.219450045143125e-002	-7.304861e+000	9.398129e-001
1.221403170143125e-002	-7.575924e+000	9.745715e-001
1.223356295143125e-002	-7.736915e+000	9.946716e-001
1.225050697305935e-002	-7.784529e+000	9.999949e-001
1.226582551308842e-002	-7.743767e+000	9.950604e-001
1.228535676308842e-002	-7.585619e+000	9.754253e-001
1.230488801308842e-002	-7.319690e+000	9.411189e-001
1.232441926308842e-002	-6.943666e+000	8.926572e-001
1.234395051308842e-002	-6.463202e+000	8.307690e-001
1.236348176308842e-002	-5.885525e+000	7.563853e-001
1.238301301308842e-002	-5.219325e+000	6.706249e-001
1.240254426308842e-002	-4.474620e+000	5.747777e-001
1.242207551308842e-002	-3.662613e+000	4.702853e-001
1.244160676308842e-002	-2.795518e+000	3.587193e-001
1.246113801308842e-002	-1.886375e+000	2.417579e-001
1.248066926308842e-002	-9.488598e-001	1.211602e-001
1.250020051308842e-002	2.927236e-003	-1.259861e-003
1.251973176308842e-002	9.546700e-001	-1.236610e-001
1.253926301308842e-002	1.892053e+000	-2.442021e-001
1.255879426308842e-002	2.800978e+000	-3.610702e-001
1.257832551308842e-002	3.667774e+000	-4.725074e-001
1.259785676308842e-002	4.479403e+000	-5.768378e-001
1.261738801308841e-002	5.223657e+000	-6.724919e-001
1.263691926308841e-002	5.889343e+000	-7.580311e-001
1.265645051308841e-002	6.466447e+000	-8.321689e-001
1.267598176308841e-002	6.946291e+000	-8.937901e-001
1.269551301308841e-002	7.321656e+000	-9.419677e-001
1.271504426308841e-002	7.586897e+000	-9.759774e-001
1.273457551308841e-002	7.738025e+000	-9.953074e-001
1.275410676308841e-002	7.775690e+000	-9.996671e-001
1.277168683210418e-002	7.706956e+000	-9.907306e-001
1.279121808210418e-002	7.517647e+000	-9.666515e-001
1.281074933210418e-002	7.218182e+000	-9.280330e-001
1.283028058210418e-002	6.810147e+000	-8.754560e-001
1.284981183210418e-002	6.299683e+000	-8.097113e-001
1.286934308210417e-002	5.694464e+000	-7.317879e-001
1.288887433210417e-002	5.003595e+000	-6.428577e-001
1.290840558210417e-002	4.237468e+000	-5.442582e-001
1.292793683210417e-002	3.407605e+000	-4.374727e-001
1.294746808210417e-002	2.526489e+000	-3.241071e-001
1.296699933210417e-002	1.607372e+000	-2.058667e-001
1.298653058210417e-002	6.640784e-001	-8.452986e-002
1.300606183210417e-002	-2.892029e-001	3.807840e-002
1.302559308210417e-002	-1.238134e+000	1.601139e-001
1.304512433210417e-002	-2.168442e+000	2.797412e-001
1.306465558210417e-002	-3.066135e+000	3.951609e-001
1.308418683210417e-002	-3.917710e+000	5.046370e-001
1.310371808210417e-002	-4.710359e+000	6.065229e-001
1.312324933210417e-002	-5.432160e+000	6.992862e-001
1.314278058210417e-002	-6.072257e+000	7.815315e-001
1.316231183210417e-002	-6.621020e+000	8.520218e-001
1.318184308210417e-002	-7.070199e+000	9.096970e-001
1.320137433210417e-002	-7.413034e+000	9.536895e-001
1.322090558210417e-002	-7.644372e+000	9.833375e-001
1.324043683210417e-002	-7.760731e+000	9.981953e-001
1.325996808210417e-002	-7.760362e+000	9.980393e-001
1.327949933210417e-002	-7.643269e+000	9.828718e-001
1.329903058210417e-002	-7.411214e+000	9.529211e-001
1.331856183210417e-002	-7.067688e+000	9.086375e-001
1.333809308210416e-002	-6.617857e+000	8.506872e-001
1.335762433210416e-002	-6.068486e+000	7.799417e-001
1.337715558210416e-002	-5.427840e+000	6.974652e-001
1.339668683210416e-002	-4.705554e+000	6.044982e-001
1.341621808210416e-002	-3.912491e+000	5.024390e-001
1.343574933210416e-002	-3.060582e+000	3.928225e-001
1.345528058210416e-002	-2.162638e+000	2.772977e-001
1.347481183210416e-002	-1.232167e+000	1.576021e-001
1.349434308210416e-002	-2.831626e-001	3.553598e-002
1.351387433210416e-002	6.701004e-001	-8.706462e-002
1.353340558210416e-002	1.613284e+000	-2.083557e-001
1.355293683210416e-002	2.532203e+000	-3.265129e-001
1.357246808210416e-002	3.413034e+000	-4.397591e-001
1.359199933210416e-002	4.242530e+000	-5.463908e-001
1.361153058210416e-002	5.008215e+000	-6.448044e-001
1.363106183210416e-002	5.698572e+000	-7.335194e-001
1.365059308210416e-002	6.303216e+000	-8.112017e-001
1.367012433210416e-002	6.813055e+000	-8.766828e-001
1.368965558210416e-002	7.220419e+000	-9.289777e-001
1.370918683210416e-002	7.519182e+000	-9.672999e-001
1.372871808210416e-002	7.709978e+000	-9.910730e-001
1.374481803700244e-002	7.777554e+000	-9.994700e-001
1.376307338514039e-002	7.751439e+000	-9.966282e-001
1.378260463514039e-002	7.613991e+000	-9.790893e-001
1.380213588514039e-002	7.363935e+000	-9.468240e-001
1.382166713514038e-002	7.003119e+000	-9.003175e-001
1.384119838514038e-002	6.536970e+000	-8.402694e-001
1.386072963514038e-002	5.972498e+000	-7.675830e-001
1.388026088514038e-002	5.318193e+000	-6.833513e-001
1.389979213514038e-002	4.583899e+000	-5.888414e-001
1.391932338514038e-002	3.780658e+000	-4.854747e-001
1.393885463514038e-002	2.920552e+000	-3.748061e-001
1.395838588514038e-002	2.016519e+000	-2.585001e-001
1.397791713514038e-002	1.082156e+000	-1.383060e-001
1.399744838514038e-002	1.315159e-001	-1.603158e-002
1.401697963514038e-002	-8.211018e-001	1.064839e-001
1.403651088514038e-002	-1.761369e+000	2.273978e-001
1.405604213514038e-002	-2.675144e+000	3.448914e-001
1.407557338514038e-002	-3.548682e+000	4.571976e-001
1.409510463514038e-002	-4.368844e+000	5.626270e-001
1.411463588514038e-002	-5.123295e+000	6.595941e-001
1.413416713514038e-002	-5.800686e+000	7.466401e-001
1.415369838514038e-002	-6.390831e+000	8.224561e-001
1.417322963514038e-002	-6.884851e+000	8.859015e-001
1.419276088514038e-002	-7.275317e+000	9.360222e-001
1.421229213514038e-002	-7.556355e+000	9.720642e-001
1.423182338514038e-002	-7.729250e+000	9.934855e-001
1.424767451722473e-002	-7.783509e+000	9.998932e-001
1.426413560915490e-002	-7.749744e+000	9.960584e-001
1.428366685915490e-002	-7.603310e+000	9.777098e-001
1.430319810915490e-002	-7.347118e+000	9.446554e-001
1.432272935915490e-002	-6.980420e+000	8.973926e-001
1.434226060915490e-002	-6.508729e+000	8.366322e-001
1.436179185915490e-002	-5.939140e+000	7.632881e-001
1.438132310915490e-002	-5.280221e+000	6.784633e-001
1.440085435915490e-002	-4.541882e+000	5.834339e-001
1.442038560915490e-002	-3.735229e+000	4.796291e-001
1.443991685915490e-002	-2.872395e+000	3.686102e-001
1.445944810915490e-002	-1.966357e+000	2.520471e-001
1.447897935915490e-002	-1.030744e+000	1.316929e-001
1.449851060915490e-002	-7.962807e-002	9.357982e-003
1.451804185915490e-002	8.726857e-001	-1.131177e-001
1.453757310915490e-002	1.811873e+000	-2.338920e-001
1.455710435915490e-002	2.723808e+000	-3.511483e-001
1.457663560915490e-002	3.594775e+000	-4.631231e-001
1.459616685915490e-002	4.411673e+000	-5.681320e-001
1.461569810915490e-002	5.162214e+000	-6.645957e-001
1.463522935915490e-002	5.835112e+000	-7.510633e-001
1.465476060915490e-002	6.420243e+000	-8.262342e-001
1.467429185915490e-002	6.908809e+000	-8.889777e-001
1.469382310915490e-002	7.293461e+000	-9.383502e-001
1.471335435915490e-002	7.568412e+000	-9.736091e-001
1.473288560915489e-002	7.734041e+000	-9.942239e-001
1.474940410818508e-002	7.784897e+000	-9.999930e-001
1.476477851717994e-002	7.748551e+000	-9.956920e-001
1.478430976717994e-002	7.596680e+000	-9.768536e-001
1.480384101717993e-002	7.336781e+000	-9.433225e-001
1.482337226717993e-002	6.966529e+000	-8.956029e-001
1.484290351717993e-002	6.491495e+000	-8.344127e-001
1.486243476717993e-002	5.918821e+000	-7.606721e-001
1.488196601717993e-002	5.257123e+000	-6.754903e-001
1.490149726717993e-002	4.516353e+000	-5.801485e-001
1.492102851717993e-002	3.707652e+000	-4.760807e-001
1.494055976717993e-002	2.843185e+000	-3.648522e-001
1.496009101717993e-002	1.935955e+000	-2.481359e-001
1.497962226717993e-002	9.996053e-001	-1.276875e-001
1.499915351717993e-002	4.822125e-002	-5.318583e-003
1.501868476717993e-002	-9.038879e-001	1.171304e-001
1.503821601717993e-002	-1.842402e+000	2.378176e-001
1.505774726717993e-002	-2.753204e+000	3.549277e-001
1.507727851717993e-002	-3.622595e+000	4.666995e-001
1.509680976717993e-002	-4.437499e+000	5.714517e-001
1.511634101717993e-002	-5.185658e+000	6.676086e-001
1.513587226717993e-002	-5.855821e+000	7.537242e-001
1.515540351717993e-002	-6.437907e+000	8.285030e-001
1.517493476717993e-002	-6.923161e+000	8.908204e-001
1.519446601717993e-002	-7.304284e+000	9.397390e-001
1.521399726717993e-002	-7.575545e+000	9.745230e-001
1.523352851717993e-002	-7.736773e+000	9.946494e-001
1.525045090717319e-002	-7.784606e+000	9.999960e-001
1.526573422012672e-002	-7.744257e+000	9.951172e-001
1.528526547012672e-002	-7.586596e+000	9.755515e-001
1.530479672012672e-002	-7.321193e+000	9.413127e-001
1.532432797012672e-002	-6.945671e+000	8.929155e-001
1.534385922012672e-002	-6.465680e+000	8.310882e-001
1.536339047012672e-002	-5.888438e+000	7.567604e-001
1.538292172012672e-002	-5.222630e+000	6.710503e-001
1.540245297012672e-002	-4.478267e+000	5.752470e-001
1.542198422012672e-002	-3.666547e+000	4.707914e-001
1.544151547012672e-002	-2.799679e+000	3.592547e-001
1.546104672012672e-002	-1.890702e+000	2.423144e-001
1.548057797012672e-002	-9.532862e-001	1.217296e-001
1.550010922012672e-002	-1.532695e-003	-6.862502e-004
1.551964047012672e-002	9.502437e-001	-1.230917e-001
1.553917172012672e-002	1.887727e+000	-2.436458e-001
1.555870297012672e-002	2.796817e+000	-3.605352e-001
1.557823422012672e-002	3.663841e+000	-4.720019e-001
1.559776547012672e-002	4.475757e+000	-5.763691e-001
1.561729672012672e-002	5.220353e+000	-6.720673e-001
1.563682797012672e-002	5.886430e+000	-7.576569e-001
1.565635922012672e-002	6.463970e+000	-8.318506e-001
1.567589047012672e-002	6.944286e+000	-8.935326e-001
1.569542172012672e-002	7.320154e+000	-9.417750e-001
1.571495297012672e-002	7.585920e+000	-9.758523e-001
1.573448422012672e-002	7.740599e+000	-9.952518e-001
1.575200694675672e-002	7.782063e+000	-9.999205e-001
1.576826791517520e-002	7.729699e+000	-9.934199e-001
1.578779916517520e-002	7.558540e+000	-9.719294e-001
1.580733041517520e-002	7.278590e+000	-9.358202e-001
1.582686166517520e-002	6.889163e+000	-8.856353e-001
1.584639291517520e-002	6.396116e+000	-8.221297e-001
1.586592416517520e-002	5.806866e+000	-7.462584e-001
1.588545541517520e-002	5.130274e+000	-6.591628e-001
1.590498666517520e-002	4.376518e+000	-5.621527e-001
1.592451791517520e-002	3.556936e+000	-4.566873e-001
1.594404916517520e-002	2.683854e+000	-3.443529e-001
1.596358041517520e-002	1.770404e+000	-2.268392e-001
1.598311166517520e-002	8.303261e-001	-1.059135e-001
1.600264291517520e-002	-1.222406e-001	1.660516e-002
1.602217416517520e-002	-1.072968e+000	1.388741e-001
1.604170541517520e-002	-2.007558e+000	2.590542e-001
1.606123666517520e-002	-2.911951e+000	3.753379e-001
1.608076791517520e-002	-3.772546e+000	4.859762e-001
1.610029916517520e-002	-4.576398e+000	5.893049e-001
1.611983041517519e-002	-5.311417e+000	6.837700e-001
1.613936166517519e-002	-5.966547e+000	7.679505e-001
1.615889291517519e-002	-6.531936e+000	8.405803e-001
1.617842416517519e-002	-6.999078e+000	9.005670e-001
1.619795541517519e-002	-7.360948e+000	9.470084e-001
1.621748666517519e-002	-7.612102e+000	9.792058e-001
1.623701791517519e-002	-7.748764e+000	9.966751e-001
1.625654916517519e-002	-7.769502e+000	9.991535e-001
1.627566296580911e-002	-7.676044e+000	9.870281e-001
1.629519421580911e-002	-7.465727e+000	9.599525e-001
1.631472546580911e-002	-7.143740e+000	9.184383e-001
1.633425671580911e-002	-6.714304e+000	8.631099e-001
1.635378796580911e-002	-6.183878e+000	7.947996e-001
1.637331921580911e-002	-5.560441e+000	7.145348e-001
1.639285046580911e-002	-4.853370e+000	6.235226e-001
1.641238171580911e-002	-4.073299e+000	5.231321e-001
1.643191296580911e-002	-3.231963e+000	4.148732e-001
1.645144421580911e-002	-2.342015e+000	3.003742e-001
1.647097546580911e-002	-1.416840e+000	1.813574e-001
1.649050671580911e-002	-4.703555e-001	5.961270e-002
1.651003796580911e-002	4.832036e-001	-6.302860e-002
1.652956921580910e-002	1.429495e+000	-1.847219e-001
1.654910046580910e-002	2.354285e+000	-3.036368e-001
1.656863171580910e-002	3.243664e+000	-4.179847e-001
1.658816296580910e-002	4.084255e+000	-5.260457e-001
1.660769421580910e-002	4.863415e+000	-6.261945e-001
1.662722546580910e-002	5.569425e+000	-7.169248e-001
1.664675671580910e-002	6.191666e+000	-7.968718e-001
1.666628796580910e-002	6.720778e+000	-8.648332e-001
1.668581921580910e-002	7.148805e+000	-9.197867e-001
1.670535046580910e-002	7.469306e+000	-9.609057e-001
1.672488171580910e-002	7.677464e+000	-9.875718e-001
1.674441296580910e-002	7.771678e+000	-9.993839e-001
1.676292268197227e-002	7.751651e+000	-9.967055e-001
1.678245393197227e-002	7.615479e+000	-9.792815e-001
1.680198518197227e-002	7.366295e+000	-9.471282e-001
1.682151643197227e-002	7.006315e+000	-9.007292e-001
1.684104768197227e-002	6.540953e+000	-8.407824e-001
1.686057893197227e-002	5.977209e+000	-7.681895e-001
1.688011018197227e-002	5.323562e+000	-6.840423e-001
1.689964143197227e-002	4.589843e+000	-5.896064e-001
1.691917268197227e-002	3.787089e+000	-4.863023e-001
1.693870393197227e-002	2.927374e+000	-3.756838e-001
1.695823518197227e-002	2.023628e+000	-2.594147e-001
1.697776643197227e-002	1.089446e+000	-1.392437e-001
1.699729768197227e-002	1.388771e-001	-1.697835e-002
1.701682893197227e-002	-8.137803e-001	1.055424e-001
1.703636018197227e-002	-1.754198e+000	2.264756e-001
1.705589143197227e-002	-2.668230e+000	3.440025e-001
1.707542268197227e-002	-3.542129e+000	4.563552e-001
1.709495393197227e-002	-4.362752e+000	5.618439e-001
1.711448518197227e-002	-5.117754e+000	6.588820e-001
1.713401643197227e-002	-5.795781e+000	7.460099e-001
1.715354768197227e-002	-6.386634e+000	8.219171e-001
1.717307893197227e-002	-6.881427e+000	8.854619e-001
1.719261018197226e-002	-7.272717e+000	9.356885e-001
1.721214143197226e-002	-7.554618e+000	9.718415e-001
1.723167268197226e-002	-7.728542e+000	9.933771e-001
1.724742912752588e-002	-7.783247e+000	9.998695e-001
1.726404438409505e-002	-7.749904e+000	9.961091e-001
1.728357563409505e-002	-7.604240e+000	9.778299e-001
1.730310688409505e-002	-7.348576e+000	9.448434e-001
1.732263813409505e-002	-6.982381e+000	8.976454e-001
1.734216938409505e-002	-6.511166e+000	8.369461e-001
1.736170063409505e-002	-5.942015e+000	7.636582e-001
1.738123188409504e-002	-5.283491e+000	6.788843e-001
1.740076313409504e-002	-4.545498e+000	5.838993e-001
1.742029438409504e-002	-3.739137e+000	4.801320e-001
1.743982563409504e-002	-2.876536e+000	3.691430e-001
1.745935688409504e-002	-1.970669e+000	2.526017e-001
1.747888813409504e-002	-1.035161e+000	1.322611e-001
1.749841938409504e-002	-8.408444e-002	9.931140e-003
1.751795063409504e-002	8.682570e-001	-1.125482e-001
1.753748188409504e-002	1.807539e+000	-2.333347e-001
1.755701313409504e-002	2.719634e+000	-3.506116e-001
1.757654438409504e-002	3.590822e+000	-4.626150e-001
1.759607563409504e-002	4.408002e+000	-5.676603e-001
1.761560688409504e-002	5.158881e+000	-6.641673e-001
1.763513813409504e-002	5.832165e+000	-7.506847e-001
1.765466938409504e-002	6.417729e+000	-8.259112e-001
1.767420063409504e-002	6.906764e+000	-8.887151e-001
1.769373188409504e-002	7.291915e+000	-9.381520e-001
1.771326313409504e-002	7.567389e+000	-9.734781e-001
1.773279438409504e-002	7.733643e+000	-9.941622e-001
1.774925557109208e-002	7.784810e+000	-9.999890e-001
1.776472330786420e-002	7.748659e+000	-9.957241e-001
1.778425455786420e-002	7.597255e+000	-9.769278e-001
1.780378580786420e-002	7.337674e+000	-9.434376e-001
1.782331705786420e-002	6.967727e+000	-8.957572e-001
1.784284830786420e-002	6.492979e+000	-8.346038e-001
1.786237955786420e-002	5.920570e+000	-7.608972e-001
1.788191080786420e-002	5.259110e+000	-6.757460e-001
1.790144205786420e-002	4.518548e+000	-5.804309e-001
1.792097330786420e-002	3.710023e+000	-4.763857e-001
1.794050455786420e-002	2.845695e+000	-3.651751e-001
1.796003580786420e-002	1.938567e+000	-2.484720e-001
1.797956705786420e-002	1.002280e+000	-1.280316e-001
1.799909830786420e-002	5.091833e-002	-5.665469e-003
1.801862955786420e-002	-9.012091e-001	1.167858e-001
1.803816080786420e-002	-1.839781e+000	2.374806e-001
1.805769205786420e-002	-2.750681e+000	3.546034e-001
1.807722330786420e-002	-3.620208e+000	4.663927e-001
1.809675455786420e-002	-4.435284e+000	5.711669e-001
1.811628580786420e-002	-5.183649e+000	6.673504e-001
1.813581705786420e-002	-5.854047e+000	7.534962e-001
1.815534830786419e-002	-6.436394e+000	8.283087e-001
1.817487955786419e-002	-6.921933e+000	8.906627e-001
1.819441080786419e-002	-7.303360e+000	9.396203e-001
1.821394205786419e-002	-7.574937e+000	9.744452e-001
1.823347330786419e-002	-7.736543e+000	9.946135e-001
1.825036101511675e-002	-7.784728e+000	9.999974e-001
1.826558784740995e-002	-7.745039e+000	9.952076e-001
1.828511909740995e-002	-7.588159e+000	9.757532e-001
1.830465034740995e-002	-7.323597e+000	9.416227e-001
1.832418159740995e-002	-6.948882e+000	8.933292e-001
1.834371284740995e-002	-6.469649e+000	8.315993e-001
1.836324409740995e-002	-5.893106e+000	7.573613e-001
1.838277534740995e-002	-5.227924e+000	6.717319e-001
1.840230659740995e-002	-4.484110e+000	5.759990e-001
1.842183784740995e-002	-3.672851e+000	4.716026e-001
1.844136909740995e-002	-2.806349e+000	3.601128e-001
1.846090034740995e-002	-1.897637e+000	2.432066e-001
1.848043159740995e-002	-9.603825e-001	1.226424e-001
1.849996284740995e-002	-8.683421e-003	2.334366e-004
1.851949409740995e-002	9.431461e-001	-1.221790e-001
1.853902534740995e-002	1.880790e+000	-2.427537e-001
1.855855659740995e-002	2.790144e+000	-3.596772e-001
1.857808784740994e-002	3.657532e+000	-4.711908e-001
1.859761909740994e-002	4.469908e+000	-5.756173e-001
1.861715034740994e-002	5.215051e+000	-6.713859e-001
1.863668159740994e-002	5.881755e+000	-7.570564e-001
1.865621284740994e-002	6.459993e+000	-8.313399e-001
1.867574409740994e-002	6.941067e+000	-8.931193e-001
1.869527534740994e-002	7.317740e+000	-9.414654e-001
1.871480659740994e-002	7.584349e+000	-9.756510e-001
1.873433784740994e-002	7.740031e+000	-9.951618e-001
1.875176863356545e-002	7.782506e+000	-9.999382e-001
1.876787987593693e-002	7.732056e+000	-9.936962e-001
1.878741112593693e-002	7.562962e+000	-9.725001e-001
1.880694237593693e-002	7.285235e+000	-9.366767e-001
1.882647362593693e-002	6.897931e+000	-8.867649e-001
1.884600487593693e-002	6.406876e+000	-8.235152e-001
1.886553612593693e-002	5.819454e+000	-7.478791e-001
1.888506737593693e-002	5.144503e+000	-6.609942e-001
1.890459862593693e-002	4.392174e+000	-5.641674e-001
1.892412987593693e-002	3.573782e+000	-4.588549e-001
1.894366112593693e-002	2.701637e+000	-3.466409e-001
1.896319237593693e-002	1.788858e+000	-2.292130e-001
1.898272362593693e-002	8.491720e-001	-1.083376e-001
1.900225487593693e-002	-1.032858e-001	1.416733e-002
1.902178612593693e-002	-1.054190e+000	1.364592e-001
1.904131737593693e-002	-1.989238e+000	2.566985e-001
1.906084862593693e-002	-2.894366e+000	3.730769e-001
1.908037987593693e-002	-3.755959e+000	4.838439e-001
1.909991112593693e-002	-4.561059e+000	5.873334e-001
1.911944237593692e-002	-5.297557e+000	6.819888e-001
1.913897362593692e-002	-5.954375e+000	7.663866e-001
1.915850487593692e-002	-6.521634e+000	8.392571e-001
1.917803612593692e-002	-6.990801e+000	8.995044e-001
1.919756737593692e-002	-7.354820e+000	9.462224e-001
1.921709862593692e-002	-7.608217e+000	9.787083e-001
1.923662987593692e-002	-7.747179e+000	9.964735e-001
1.925616112593692e-002	-7.770607e+000	9.992508e-001
1.927503130873445e-002	-7.681274e+000	9.876575e-001
1.929456255873445e-002	-7.474287e+000	9.610569e-001
1.931409380873445e-002	-7.155865e+000	9.200010e-001
1.933362505873445e-002	-6.729812e+000	8.651075e-001
1.935315630873444e-002	-6.202535e+000	7.972019e-001
1.937268755873444e-002	-5.581966e+000	7.173057e-001
1.939221880873444e-002	-4.877440e+000	6.266205e-001
1.941175005873444e-002	-4.099552e+000	5.265104e-001
1.943128130873444e-002	-3.260003e+000	4.184811e-001
1.945081255873444e-002	-2.371421e+000	3.041574e-001
1.947034380873444e-002	-1.447170e+000	1.852589e-001
1.948987505873444e-002	-5.011534e-001	6.357398e-002
1.950940630873444e-002	4.524013e-001	-5.906718e-002
1.952893755873444e-002	1.399151e+000	-1.808199e-001
1.954846880873444e-002	2.324857e+000	-2.998529e-001
1.956800005873444e-002	3.215594e+000	-4.143759e-001
1.958753130873444e-002	4.057965e+000	-5.226663e-001
1.960706255873444e-002	4.839301e+000	-6.230953e-001
1.962659380873444e-002	5.547849e+000	-7.141523e-001
1.964612505873444e-002	6.172953e+000	-7.944679e-001
1.966565630873444e-002	6.705210e+000	-8.628339e-001
1.968518755873444e-002	7.136614e+000	-9.182220e-001
1.970471880873444e-002	7.460678e+000	-9.597993e-001
1.972425005873444e-002	7.672526e+000	-9.869403e-001
1.974378130873444e-002	7.769911e+000	-9.992368e-001
1.976268763354278e-002	7.751969e+000	-9.968241e-001
1.978221888354277e-002	7.617786e+000	-9.795794e-001
1.980175013354277e-002	7.369962e+000	-9.476010e-001
1.982128138354277e-002	7.011286e+000	-9.013698e-001
1.984081263354277e-002	6.547154e+000	-8.415810e-001
1.986034388354277e-002	5.984546e+000	-7.691342e-001
1.987987513354277e-002	5.331925e+000	-6.851188e-001
1.989940638354277e-002	4.599107e+000	-5.907986e-001
1.991893763354277e-002	3.797114e+000	-4.875923e-001
1.993846888354277e-002	2.938009e+000	-3.770521e-001
1.995800013354277e-002	2.034714e+000	-2.608407e-001
1.997753138354277e-002	1.100814e+000	-1.407060e-001
1.999706263354277e-002	1.506799e-001	-1.845497e-002
2.000000000000000e-002	6.878891e-003	-4.898587e-015
