time	V(vin)	V(vout)	V(n001)
0.000000000000000e+000	3.495488e-007	-5.051117e+000	5.095000e+000
1.428571445265854e-008	1.704656e-004	-5.051157e+000	5.095000e+000
2.857142890531708e-008	3.401010e-004	-5.051218e+000	5.095000e+000
4.285714335797562e-008	5.092557e-004	-5.051299e+000	5.095000e+000
5.714285781063416e-008	6.779298e-004	-5.051400e+000	5.095000e+000
7.142857226329269e-008	8.461231e-004	-5.051522e+000	5.095000e+000
8.571428671595124e-008	1.013836e-003	-5.051664e+000	5.095000e+000
1.000000011686097e-007	1.181068e-003	-5.051826e+000	5.095000e+000
2.000000023372195e-007	2.352708e-003	-5.052920e+000	5.095000e+000
3.828571473312489e-006	4.484300e-002	-5.095189e+000	5.095000e+000
7.457142944287758e-006	8.722150e-002	-5.137351e+000	5.095000e+000
1.108571441526303e-005	1.294882e-001	-5.179404e+000	5.095000e+000
1.471428588623830e-005	1.716431e-001	-5.221349e+000	5.095000e+000
1.834285735721357e-005	2.136863e-001	-5.263186e+000	5.095000e+000
2.197142882818883e-005	2.556176e-001	-5.304915e+000	5.095000e+000
2.560000029916409e-005	2.974371e-001	-5.346536e+000	5.095000e+000
4.513125029916410e-005	5.190288e-001	-5.567049e+000	5.095000e+000
6.466250029916410e-005	7.331362e-001	-5.780121e+000	5.095000e+000
8.419375029916411e-005	9.362166e-001	-5.982228e+000	5.095000e+000
1.037250002991641e-004	1.125215e+000	-6.170331e+000	5.095000e+000
1.232562502991641e-004	1.297290e+000	-6.341599e+000	5.095000e+000
1.427875002991641e-004	1.449852e+000	-6.493458e+000	5.095000e+000
1.623187502991641e-004	1.580607e+000	-6.623623e+000	5.095000e+000
1.818500002991641e-004	1.687588e+000	-6.730135e+000	5.095000e+000
2.013812502991641e-004	1.769186e+000	-6.811394e+000	5.095000e+000
2.209125002991641e-004	1.824175e+000	-6.866177e+000	5.095000e+000
2.404437502991640e-004	1.851725e+000	-6.893659e+000	5.095000e+000
2.599750002991640e-004	1.851425e+000	-6.893427e+000	5.095000e+000
2.795062502991641e-004	1.823277e+000	-6.865486e+000	5.095000e+000
2.990375002991641e-004	1.767705e+000	-6.810255e+000	5.095000e+000
3.185687502991641e-004	1.685545e+000	-6.728564e+000	5.095000e+000
3.381000002991641e-004	1.578033e+000	-6.621644e+000	5.095000e+000
3.576312502991641e-004	1.446786e+000	-6.491101e+000	5.095000e+000
3.771625002991641e-004	1.293778e+000	-6.338899e+000	5.095000e+000
3.966937502991642e-004	1.121311e+000	-6.167328e+000	5.095000e+000
4.162250002991642e-004	9.319776e-001	-5.978968e+000	5.095000e+000
4.357562502991642e-004	7.286267e-001	-5.776652e+000	5.095000e+000
4.552875002991642e-004	5.143165e-001	-5.563424e+000	5.095000e+000
4.748187502991642e-004	2.922706e-001	-5.342490e+000	5.095000e+000
4.943500002991642e-004	6.582861e-002	-5.117174e+000	5.095000e+000
5.138812502991642e-004	-1.616035e-001	-4.890863e+000	5.095000e+000
5.334125002991642e-004	-3.866049e-001	-4.666964e+000	5.095000e+000
5.529437502991642e-004	-6.057914e-001	-4.448842e+000	5.095000e+000
5.724750002991643e-004	-8.158662e-001	-4.239779e+000	5.095000e+000
5.920062502991643e-004	-1.013670e+000	-4.042920e+000	5.095000e+000
6.115375002991643e-004	-1.196227e+000	-3.861224e+000	5.095000e+000
6.310687502991643e-004	-1.360791e+000	-3.697426e+000	5.095000e+000
6.506000002991643e-004	-1.504888e+000	-3.553988e+000	5.095000e+000
6.701312502991643e-004	-1.626350e+000	-3.433069e+000	5.095000e+000
6.896625002991644e-004	-1.723350e+000	-3.336487e+000	5.095000e+000
7.091937502991644e-004	-1.794430e+000	-3.265694e+000	5.095000e+000
7.287250002991644e-004	-1.839744e+000	-3.220537e+000	5.095000e+000
7.448206086292526e-004	-1.855691e+000	-3.204613e+000	5.095000e+000
7.630743418223780e-004	-1.849267e+000	-3.210941e+000	5.095000e+000
7.826055918223780e-004	-1.816271e+000	-3.243707e+000	5.095000e+000
8.021368418223780e-004	-1.756414e+000	-3.303203e+000	5.095000e+000
8.216680918223781e-004	-1.670139e+000	-3.388989e+000	5.095000e+000
8.411993418223781e-004	-1.558743e+000	-3.499775e+000	5.095000e+000
8.607305918223781e-004	-1.423902e+000	-3.633895e+000	5.095000e+000
8.802618418223781e-004	-1.267645e+000	-3.789331e+000	5.095000e+000
8.997930918223781e-004	-1.092321e+000	-3.963746e+000	5.095000e+000
9.193243418223781e-004	-9.005671e-001	-4.154515e+000	5.095000e+000
9.388555918223782e-004	-6.952680e-001	-4.358770e+000	5.095000e+000
9.583868418223782e-004	-4.795116e-001	-4.573439e+000	5.095000e+000
9.779180918223782e-004	-2.565428e-001	-4.795293e+000	5.095000e+000
9.974493418223782e-004	-2.971537e-002	-5.020994e+000	5.095000e+000
1.016980591822378e-003	1.975590e-001	-5.247148e+000	5.095000e+000
1.036511841822378e-003	4.218619e-001	-5.470354e+000	5.095000e+000
1.056043091822378e-003	6.398197e-001	-5.687254e+000	5.095000e+000
1.075574341822378e-003	8.481539e-001	-5.894587e+000	5.095000e+000
1.095105591822378e-003	1.043731e+000	-6.089232e+000	5.095000e+000
1.114636841822378e-003	1.223610e+000	-6.268263e+000	5.095000e+000
1.134168091822378e-003	1.385084e+000	-6.428988e+000	5.095000e+000
1.153699341822378e-003	1.525725e+000	-6.568987e+000	5.095000e+000
1.173230591822378e-003	1.643418e+000	-6.686157e+000	5.095000e+000
1.192761841822378e-003	1.736393e+000	-6.778734e+000	5.095000e+000
1.212293091822378e-003	1.803250e+000	-6.845326e+000	5.095000e+000
1.231824341822378e-003	1.844300e+000	-6.886240e+000	5.095000e+000
1.247676074985977e-003	1.857080e+000	-6.899013e+000	5.095000e+000
1.264136188250303e-003	1.848853e+000	-6.890883e+000	5.095000e+000
1.283667438250303e-003	1.813714e+000	-6.855984e+000	5.095000e+000
1.303198688250303e-003	1.752393e+000	-6.795033e+000	5.095000e+000
1.322729938250303e-003	1.664715e+000	-6.707850e+000	5.095000e+000
1.342261188250303e-003	1.551999e+000	-6.595750e+000	5.095000e+000
1.361792438250303e-003	1.415938e+000	-6.460416e+000	5.095000e+000
1.381323688250303e-003	1.258581e+000	-6.303886e+000	5.095000e+000
1.400854938250303e-003	1.082294e+000	-6.128512e+000	5.095000e+000
1.420386188250303e-003	8.897275e-001	-5.936934e+000	5.095000e+000
1.439917438250303e-003	6.837789e-001	-5.732032e+000	5.095000e+000
1.459448688250303e-003	4.675457e-001	-5.516888e+000	5.095000e+000
1.478979938250303e-003	2.442802e-001	-5.294739e+000	5.095000e+000
1.498511188250303e-003	1.734049e-002	-5.068925e+000	5.095000e+000
1.518042438250303e-003	-2.098600e-001	-4.842844e+000	5.095000e+000
1.537573688250303e-003	-4.339041e-001	-4.619895e+000	5.095000e+000
1.557104938250303e-003	-6.514218e-001	-4.403432e+000	5.095000e+000
1.576636188250303e-003	-8.591415e-001	-4.196712e+000	5.095000e+000
1.596167438250303e-003	-1.053939e+000	-4.002841e+000	5.095000e+000
1.615698688250303e-003	-1.232884e+000	-3.824738e+000	5.095000e+000
1.635229938250303e-003	-1.393286e+000	-3.665081e+000	5.095000e+000
1.654761188250303e-003	-1.532731e+000	-3.526272e+000	5.095000e+000
1.674292438250303e-003	-1.649122e+000	-3.410397e+000	5.095000e+000
1.693823688250303e-003	-1.740709e+000	-3.319200e+000	5.095000e+000
1.713354938250303e-003	-1.806114e+000	-3.254053e+000	5.095000e+000
1.732886188250303e-003	-1.845431e+000	-3.214864e+000	5.095000e+000
1.749405051094904e-003	-1.857393e+000	-3.202904e+000	5.095000e+000
1.764778867646190e-003	-1.848561e+000	-3.211638e+000	5.095000e+000
1.784310117646190e-003	-1.812125e+000	-3.247827e+000	5.095000e+000
1.803841367646190e-003	-1.749921e+000	-3.309659e+000	5.095000e+000
1.823372617646190e-003	-1.661396e+000	-3.397684e+000	5.095000e+000
1.842903867646190e-003	-1.547882e+000	-3.510578e+000	5.095000e+000
1.862435117646190e-003	-1.411087e+000	-3.646643e+000	5.095000e+000
1.881966367646190e-003	-1.253067e+000	-3.803833e+000	5.095000e+000
1.901497617646190e-003	-1.076200e+000	-3.979783e+000	5.095000e+000
1.921028867646190e-003	-8.831464e-001	-4.171847e+000	5.095000e+000
1.940560117646190e-003	-6.768092e-001	-4.377136e+000	5.095000e+000
1.960091367646190e-003	-4.602922e-001	-4.592562e+000	5.095000e+000
1.979622617646190e-003	-2.368519e-001	-4.814885e+000	5.095000e+000
1.999153867646190e-003	-9.849098e-003	-5.040762e+000	5.095000e+000
2.018685117646190e-003	2.173018e-001	-5.266794e+000	5.095000e+000
2.038216367646190e-003	4.411843e-001	-5.489583e+000	5.095000e+000
2.057747617646190e-003	6.584310e-001	-5.705776e+000	5.095000e+000
2.077278867646190e-003	8.657743e-001	-5.912122e+000	5.095000e+000
2.096810117646190e-003	1.060095e+000	-6.105518e+000	5.095000e+000
2.116341367646190e-003	1.238472e+000	-6.283056e+000	5.095000e+000
2.135872617646190e-003	1.398221e+000	-6.442063e+000	5.095000e+000
2.155403867646190e-003	1.536939e+000	-6.580150e+000	5.095000e+000
2.174935117646190e-003	1.652540e+000	-6.695238e+000	5.095000e+000
2.194466367646190e-003	1.743285e+000	-6.785598e+000	5.095000e+000
2.213997617646190e-003	1.807810e+000	-6.849869e+000	5.095000e+000
2.233528867646190e-003	1.846076e+000	-6.888013e+000	5.095000e+000
2.250451477803203e-003	1.857313e+000	-6.899253e+000	5.095000e+000
2.265735149292713e-003	1.847526e+000	-6.889568e+000	5.095000e+000
2.285266399292713e-003	1.809709e+000	-6.852005e+000	5.095000e+000
2.304797649292713e-003	1.746191e+000	-6.788866e+000	5.095000e+000
2.324328899292713e-003	1.656408e+000	-6.699590e+000	5.095000e+000
2.343860149292713e-003	1.541712e+000	-6.585518e+000	5.095000e+000
2.363391399292713e-003	1.403826e+000	-6.448369e+000	5.095000e+000
2.382922649292713e-003	1.244826e+000	-6.290203e+000	5.095000e+000
2.402453899292713e-003	1.067103e+000	-6.113400e+000	5.095000e+000
2.421985149292713e-003	8.733292e-001	-5.920619e+000	5.095000e+000
2.441516399292713e-003	6.664199e-001	-5.714761e+000	5.095000e+000
2.461047649292713e-003	4.494870e-001	-5.498920e+000	5.095000e+000
2.480578899292713e-003	2.257934e-001	-5.276344e+000	5.095000e+000
2.519641399292714e-003	-2.283666e-001	-4.824428e+000	5.095000e+000
2.539172649292714e-003	-4.520019e-001	-4.601885e+000	5.095000e+000
2.558703899292714e-003	-6.688387e-001	-4.386099e+000	5.095000e+000
2.578235149292714e-003	-8.756157e-001	-4.180316e+000	5.095000e+000
2.597766399292714e-003	-1.069222e+000	-3.987630e+000	5.095000e+000
2.617297649292714e-003	-1.246747e+000	-3.810940e+000	5.095000e+000
2.636828899292714e-003	-1.405520e+000	-3.652904e+000	5.095000e+000
2.656360149292714e-003	-1.543152e+000	-3.515897e+000	5.095000e+000
2.675891399292714e-003	-1.657573e+000	-3.401982e+000	5.095000e+000
2.695422649292714e-003	-1.747064e+000	-3.312872e+000	5.095000e+000
2.714953899292714e-003	-1.810276e+000	-3.249906e+000	5.095000e+000
2.734485149292714e-003	-1.846979e+000	-3.213318e+000	5.095000e+000
2.752008459549084e-003	-1.856688e+000	-3.203595e+000	5.095000e+000
2.768270378407419e-003	-1.844024e+000	-3.216141e+000	5.095000e+000
2.787801628407419e-003	-1.802984e+000	-3.256911e+000	5.095000e+000
2.807332878407419e-003	-1.735994e+000	-3.323505e+000	5.095000e+000
2.826864128407419e-003	-1.642893e+000	-3.416084e+000	5.095000e+000
2.846395378407419e-003	-1.525082e+000	-3.533255e+000	5.095000e+000
2.865926628407419e-003	-1.384332e+000	-3.673257e+000	5.095000e+000
2.885457878407419e-003	-1.222760e+000	-3.833982e+000	5.095000e+000
2.904989128407419e-003	-1.042796e+000	-4.013015e+000	5.095000e+000
2.924520378407419e-003	-8.471484e-001	-4.207661e+000	5.095000e+000
2.944051628407420e-003	-6.387585e-001	-4.414994e+000	5.095000e+000
2.963582878407420e-003	-4.207611e-001	-4.631895e+000	5.095000e+000
2.983114128407420e-003	-1.964351e-001	-4.855101e+000	5.095000e+000
3.002645378407420e-003	3.084554e-002	-5.081255e+000	5.095000e+000
3.022176628407420e-003	2.576622e-001	-5.306957e+000	5.095000e+000
3.041707878407420e-003	4.806034e-001	-5.528810e+000	5.095000e+000
3.061239128407420e-003	6.963159e-001	-5.743478e+000	5.095000e+000
3.080770378407420e-003	9.015552e-001	-5.947732e+000	5.095000e+000
3.100301628407420e-003	1.093234e+000	-6.138501e+000	5.095000e+000
3.119832878407420e-003	1.268470e+000	-6.312914e+000	5.095000e+000
3.139364128407420e-003	1.424627e+000	-6.468349e+000	5.095000e+000
3.158895378407420e-003	1.559356e+000	-6.602467e+000	5.095000e+000
3.178426628407420e-003	1.670631e+000	-6.713251e+000	5.095000e+000
3.197957878407420e-003	1.756778e+000	-6.799036e+000	5.095000e+000
3.217489128407420e-003	1.816501e+000	-6.858530e+000	5.095000e+000
3.237020378407420e-003	1.848903e+000	-6.890838e+000	5.095000e+000
3.256551628407420e-003	1.853644e+000	-6.895624e+000	5.095000e+000
3.275666975425134e-003	1.831142e+000	-6.873300e+000	5.095000e+000
3.295198225425134e-003	1.780760e+000	-6.823233e+000	5.095000e+000
3.314729475425134e-003	1.703742e+000	-6.746659e+000	5.095000e+000
3.334260725425134e-003	1.601097e+000	-6.644582e+000	5.095000e+000
3.353791975425134e-003	1.474371e+000	-6.518538e+000	5.095000e+000
3.373323225425134e-003	1.325469e+000	-6.370423e+000	5.095000e+000
3.392854475425134e-003	1.156630e+000	-6.202465e+000	5.095000e+000
3.412385725425134e-003	9.703948e-001	-6.017189e+000	5.095000e+000
3.431916975425134e-003	7.695639e-001	-5.817382e+000	5.095000e+000
3.451448225425134e-003	5.571580e-001	-5.606050e+000	5.095000e+000
3.470979475425134e-003	3.363719e-001	-5.386371e+000	5.095000e+000
3.490510725425134e-003	1.105265e-001	-5.161650e+000	5.095000e+000
3.510041975425134e-003	-1.169813e-001	-4.935266e+000	5.095000e+000
3.529573225425134e-003	-3.427297e-001	-4.710625e+000	5.095000e+000
3.549104475425134e-003	-5.633230e-001	-4.491105e+000	5.095000e+000
3.568635725425134e-003	-7.754434e-001	-4.280008e+000	5.095000e+000
3.588166975425134e-003	-9.759005e-001	-4.080509e+000	5.095000e+000
3.607698225425134e-003	-1.161679e+000	-3.895610e+000	5.095000e+000
3.627229475425134e-003	-1.329985e+000	-3.728090e+000	5.095000e+000
3.646760725425134e-003	-1.478287e+000	-3.580469e+000	5.095000e+000
3.666291975425134e-003	-1.604353e+000	-3.454969e+000	5.095000e+000
3.685823225425134e-003	-1.706289e+000	-3.353476e+000	5.095000e+000
3.705354475425134e-003	-1.782561e+000	-3.277517e+000	5.095000e+000
3.724885725425134e-003	-1.832021e+000	-3.228235e+000	5.095000e+000
3.744416975425134e-003	-1.854293e+000	-3.206005e+000	5.095000e+000
3.762924173823277e-003	-1.849320e+000	-3.210890e+000	5.095000e+000
3.782455423823277e-003	-1.816627e+000	-3.243354e+000	5.095000e+000
3.801986673823277e-003	-1.756976e+000	-3.302644e+000	5.095000e+000
3.821517923823277e-003	-1.670900e+000	-3.388232e+000	5.095000e+000
3.841049173823277e-003	-1.559691e+000	-3.498832e+000	5.095000e+000
3.860580423823277e-003	-1.425024e+000	-3.632780e+000	5.095000e+000
3.880111673823277e-003	-1.268922e+000	-3.788061e+000	5.095000e+000
3.899642923823277e-003	-1.093735e+000	-3.962339e+000	5.095000e+000
3.919174173823277e-003	-9.020969e-001	-4.152993e+000	5.095000e+000
3.938705423823277e-003	-6.968905e-001	-4.357156e+000	5.095000e+000
3.958236673823276e-003	-4.812022e-001	-4.571757e+000	5.095000e+000
3.977767923823276e-003	-2.582762e-001	-4.793568e+000	5.095000e+000
3.997299173823275e-003	-3.146545e-002	-5.019253e+000	5.095000e+000
4.016830423823275e-003	1.958186e-001	-5.245417e+000	5.095000e+000
4.036361673823275e-003	4.201573e-001	-5.468658e+000	5.095000e+000
4.055892923823274e-003	6.381764e-001	-5.685619e+000	5.095000e+000
4.075424173823274e-003	8.465968e-001	-5.893037e+000	5.095000e+000
4.094955423823273e-003	1.042284e+000	-6.087791e+000	5.095000e+000
4.114486673823273e-003	1.222294e+000	-6.266953e+000	5.095000e+000
4.134017923823273e-003	1.383919e+000	-6.427828e+000	5.095000e+000
4.153549173823272e-003	1.524729e+000	-6.567995e+000	5.095000e+000
4.173080423823272e-003	1.642606e+000	-6.685348e+000	5.095000e+000
4.192611673823271e-003	1.735776e+000	-6.778120e+000	5.095000e+000
4.212142923823271e-003	1.802839e+000	-6.844916e+000	5.095000e+000
4.231674173823270e-003	1.844133e+000	-6.886074e+000	5.095000e+000
4.247431556707668e-003	1.857021e+000	-6.898952e+000	5.095000e+000
4.264045287175838e-003	1.848892e+000	-6.890921e+000	5.095000e+000
4.283576537175838e-003	1.813936e+000	-6.856205e+000	5.095000e+000
4.303107787175837e-003	1.752741e+000	-6.795378e+000	5.095000e+000
4.322639037175837e-003	1.665183e+000	-6.708315e+000	5.095000e+000
4.342170287175836e-003	1.552579e+000	-6.596327e+000	5.095000e+000
4.361701537175836e-003	1.416623e+000	-6.461097e+000	5.095000e+000
4.381232787175836e-003	1.259359e+000	-6.304660e+000	5.095000e+000
4.400764037175835e-003	1.083154e+000	-6.129368e+000	5.095000e+000
4.420295287175835e-003	8.906570e-001	-5.937859e+000	5.095000e+000
4.439826537175834e-003	6.847637e-001	-5.733012e+000	5.095000e+000
4.459357787175834e-003	4.685709e-001	-5.517908e+000	5.095000e+000
4.478889037175833e-003	2.453305e-001	-5.295784e+000	5.095000e+000
4.498420287175833e-003	1.839996e-002	-5.069980e+000	5.095000e+000
4.517951537175833e-003	-2.088073e-001	-4.843892e+000	5.095000e+000
4.537482787175832e-003	-4.328738e-001	-4.620920e+000	5.095000e+000
4.557014037175832e-003	-6.504296e-001	-4.404420e+000	5.095000e+000
4.576545287175831e-003	-8.582023e-001	-4.197646e+000	5.095000e+000
4.596076537175831e-003	-1.053067e+000	-4.003709e+000	5.095000e+000
4.615607787175831e-003	-1.232092e+000	-3.825526e+000	5.095000e+000
4.635139037175830e-003	-1.392586e+000	-3.665778e+000	5.095000e+000
4.654670287175830e-003	-1.532134e+000	-3.526866e+000	5.095000e+000
4.674201537175829e-003	-1.648637e+000	-3.410880e+000	5.095000e+000
4.693732787175829e-003	-1.740343e+000	-3.319565e+000	5.095000e+000
4.713264037175828e-003	-1.805872e+000	-3.254294e+000	5.095000e+000
4.732795287175828e-003	-1.845337e+000	-3.214957e+000	5.095000e+000
4.749257041534661e-003	-1.857373e+000	-3.202924e+000	5.095000e+000
4.764723854410551e-003	-1.848587e+000	-3.211613e+000	5.095000e+000
4.784255104410551e-003	-1.812262e+000	-3.247691e+000	5.095000e+000
4.803786354410550e-003	-1.750134e+000	-3.309447e+000	5.095000e+000
4.823317604410550e-003	-1.661681e+000	-3.397400e+000	5.095000e+000
4.842848854410550e-003	-1.548235e+000	-3.510226e+000	5.095000e+000
4.862380104410549e-003	-1.411503e+000	-3.646229e+000	5.095000e+000
4.881911354410549e-003	-1.253540e+000	-3.803362e+000	5.095000e+000
4.901442604410548e-003	-1.076723e+000	-3.979263e+000	5.095000e+000
4.920973854410548e-003	-8.837103e-001	-4.171286e+000	5.095000e+000
4.940505104410548e-003	-6.774062e-001	-4.376542e+000	5.095000e+000
4.960036354410547e-003	-4.609133e-001	-4.591944e+000	5.095000e+000
4.979567604410547e-003	-2.374878e-001	-4.814253e+000	5.095000e+000
4.999098854410546e-003	-1.049031e-002	-5.040124e+000	5.095000e+000
5.018630104410546e-003	2.166650e-001	-5.266160e+000	5.095000e+000
5.038161354410545e-003	4.405614e-001	-5.488963e+000	5.095000e+000
5.057692604410545e-003	6.578314e-001	-5.705179e+000	5.095000e+000
5.077223854410545e-003	8.652071e-001	-5.911558e+000	5.095000e+000
5.096755104410544e-003	1.059569e+000	-6.104995e+000	5.095000e+000
5.116286354410544e-003	1.237994e+000	-6.282580e+000	5.095000e+000
5.135817604410543e-003	1.397799e+000	-6.441644e+000	5.095000e+000
5.155348854410543e-003	1.536579e+000	-6.579792e+000	5.095000e+000
5.174880104410543e-003	1.652248e+000	-6.694948e+000	5.095000e+000
5.194411354410542e-003	1.743066e+000	-6.785379e+000	5.095000e+000
5.213942604410542e-003	1.807666e+000	-6.849726e+000	5.095000e+000
5.233473854410541e-003	1.846022e+000	-6.887959e+000	5.095000e+000
5.250361905007093e-003	1.857342e+000	-6.899282e+000	5.095000e+000
5.265589296433447e-003	1.847714e+000	-6.889754e+000	5.095000e+000
5.285120546433446e-003	1.810082e+000	-6.852376e+000	5.095000e+000
5.304651796433446e-003	1.746764e+000	-6.789435e+000	5.095000e+000
5.324183046433445e-003	1.657173e+000	-6.700350e+000	5.095000e+000
5.343714296433445e-003	1.542656e+000	-6.586458e+000	5.095000e+000
5.363245546433445e-003	1.404937e+000	-6.449473e+000	5.095000e+000
5.382776796433444e-003	1.246086e+000	-6.291456e+000	5.095000e+000
5.402308046433444e-003	1.068493e+000	-6.114783e+000	5.095000e+000
5.421839296433443e-003	8.748287e-001	-5.922112e+000	5.095000e+000
5.441370546433443e-003	6.680062e-001	-5.716339e+000	5.095000e+000
5.460901796433442e-003	4.511362e-001	-5.500561e+000	5.095000e+000
5.480433046433442e-003	2.274807e-001	-5.278023e+000	5.095000e+000
5.519495546433441e-003	-2.266794e-001	-4.826107e+000	5.095000e+000
5.539026796433441e-003	-4.503530e-001	-4.603526e+000	5.095000e+000
5.558558046433440e-003	-6.672528e-001	-4.387678e+000	5.095000e+000
5.578089296433440e-003	-8.741165e-001	-4.181808e+000	5.095000e+000
5.597620546433440e-003	-1.067833e+000	-3.989013e+000	5.095000e+000
5.617151796433439e-003	-1.245488e+000	-3.812194e+000	5.095000e+000
5.636683046433439e-003	-1.404410e+000	-3.654008e+000	5.095000e+000
5.656214296433438e-003	-1.542208e+000	-3.516837e+000	5.095000e+000
5.675745546433438e-003	-1.656809e+000	-3.402743e+000	5.095000e+000
5.695276796433437e-003	-1.746491e+000	-3.313442e+000	5.095000e+000
5.714808046433437e-003	-1.809904e+000	-3.250277e+000	5.095000e+000
5.734339296433437e-003	-1.846846e+000	-3.213451e+000	5.095000e+000
5.751770992768144e-003	-1.856797e+000	-3.203489e+000	5.095000e+000
5.767883717378744e-003	-1.844588e+000	-3.215581e+000	5.095000e+000
5.787414967378743e-003	-1.804039e+000	-3.255862e+000	5.095000e+000
5.806946217378743e-003	-1.737578e+000	-3.321931e+000	5.095000e+000
5.826477467378743e-003	-1.644982e+000	-3.414007e+000	5.095000e+000
5.846008717378742e-003	-1.527643e+000	-3.530708e+000	5.095000e+000
5.865539967378742e-003	-1.387328e+000	-3.670276e+000	5.095000e+000
5.885071217378741e-003	-1.226145e+000	-3.830614e+000	5.095000e+000
5.904602467378741e-003	-1.046521e+000	-4.009310e+000	5.095000e+000
5.924133717378740e-003	-8.511553e-001	-4.203675e+000	5.095000e+000
5.943664967378740e-003	-6.429878e-001	-4.410786e+000	5.095000e+000
5.963196217378740e-003	-4.251492e-001	-4.627529e+000	5.095000e+000
5.982727467378739e-003	-2.009160e-001	-4.850643e+000	5.095000e+000
6.002258717378739e-003	2.633926e-002	-5.076772e+000	5.095000e+000
6.021789967378738e-003	2.531983e-001	-5.302515e+000	5.095000e+000
6.041321217378738e-003	4.762491e-001	-5.524477e+000	5.095000e+000
6.060852467378738e-003	6.921366e-001	-5.739319e+000	5.095000e+000
6.080383717378737e-003	8.976137e-001	-5.943810e+000	5.095000e+000
6.099914967378737e-003	1.089590e+000	-6.134873e+000	5.095000e+000
6.119446217378736e-003	1.265178e+000	-6.309637e+000	5.095000e+000
6.138977467378736e-003	1.421736e+000	-6.465471e+000	5.095000e+000
6.158508717378735e-003	1.556910e+000	-6.600032e+000	5.095000e+000
6.178039967378735e-003	1.668667e+000	-6.711296e+000	5.095000e+000
6.197571217378735e-003	1.755325e+000	-6.797588e+000	5.095000e+000
6.217102467378734e-003	1.815582e+000	-6.857613e+000	5.095000e+000
6.236633717378734e-003	1.848531e+000	-6.890466e+000	5.095000e+000
6.256164967378733e-003	1.853911e+000	-6.895888e+000	5.095000e+000
6.275037562015908e-003	1.832392e+000	-6.874542e+000	5.095000e+000
6.294568812015907e-003	1.782802e+000	-6.825262e+000	5.095000e+000
6.314100062015907e-003	1.706630e+000	-6.749531e+000	5.095000e+000
6.333631312015906e-003	1.604790e+000	-6.648255e+000	5.095000e+000
6.353162562015906e-003	1.478812e+000	-6.522956e+000	5.095000e+000
6.372693812015906e-003	1.330591e+000	-6.375519e+000	5.095000e+000
6.392225062015905e-003	1.162357e+000	-6.208162e+000	5.095000e+000
6.411756312015905e-003	9.766397e-001	-6.023402e+000	5.095000e+000
6.431287562015904e-003	7.762331e-001	-5.824018e+000	5.095000e+000
6.450818812015904e-003	5.641512e-001	-5.613008e+000	5.095000e+000
6.470350062015903e-003	3.435839e-001	-5.393547e+000	5.095000e+000
6.489881312015903e-003	1.178489e-001	-5.168936e+000	5.095000e+000
6.509412562015903e-003	-1.096588e-001	-4.942553e+000	5.095000e+000
6.528943812015902e-003	-3.355170e-001	-4.717802e+000	5.095000e+000
6.548475062015902e-003	-5.563288e-001	-4.498065e+000	5.095000e+000
6.568006312015901e-003	-7.687728e-001	-4.286646e+000	5.095000e+000
6.587537562015901e-003	-9.696538e-001	-4.086726e+000	5.095000e+000
6.607068812015901e-003	-1.155950e+000	-3.901311e+000	5.095000e+000
6.626600062015900e-003	-1.324860e+000	-3.733191e+000	5.095000e+000
6.646131312015900e-003	-1.473843e+000	-3.584893e+000	5.095000e+000
6.665662562015899e-003	-1.600658e+000	-3.458648e+000	5.095000e+000
6.685193812015899e-003	-1.703397e+000	-3.356356e+000	5.095000e+000
6.704725062015898e-003	-1.780516e+000	-3.279554e+000	5.095000e+000
6.724256312015898e-003	-1.830854e+000	-3.229398e+000	5.095000e+000
6.743787562015898e-003	-1.853880e+000	-3.206419e+000	5.095000e+000
6.762689960767491e-003	-1.849398e+000	-3.210813e+000	5.095000e+000
6.782221210767491e-003	-1.817177e+000	-3.242807e+000	5.095000e+000
6.801752460767491e-003	-1.757851e+000	-3.301775e+000	5.095000e+000
6.821283710767490e-003	-1.672084e+000	-3.387055e+000	5.095000e+000
6.840814960767490e-003	-1.561168e+000	-3.497364e+000	5.095000e+000
6.860346210767489e-003	-1.426770e+000	-3.631043e+000	5.095000e+000
6.879877460767489e-003	-1.270912e+000	-3.786081e+000	5.095000e+000
6.899408710767488e-003	-1.095939e+000	-3.960146e+000	5.095000e+000
6.918939960767488e-003	-9.044813e-001	-4.150621e+000	5.095000e+000
6.938471210767488e-003	-6.994197e-001	-4.354640e+000	5.095000e+000
6.958002460767487e-003	-4.838382e-001	-4.569134e+000	5.095000e+000
6.977533710767487e-003	-2.609792e-001	-4.790878e+000	5.095000e+000
6.997064960767486e-003	-3.419495e-002	-5.016537e+000	5.095000e+000
7.016596210767486e-003	1.931037e-001	-5.242715e+000	5.095000e+000
7.036127460767486e-003	4.174978e-001	-5.466011e+000	5.095000e+000
7.055658710767485e-003	6.356124e-001	-5.683067e+000	5.095000e+000
7.075189960767485e-003	8.441669e-001	-5.890618e+000	5.095000e+000
7.094721210767484e-003	1.040024e+000	-6.085543e+000	5.095000e+000
7.114252460767484e-003	1.220239e+000	-6.264908e+000	5.095000e+000
7.133783710767483e-003	1.382100e+000	-6.426017e+000	5.095000e+000
7.153314960767483e-003	1.523172e+000	-6.566446e+000	5.095000e+000
7.172846210767483e-003	1.641335e+000	-6.684083e+000	5.095000e+000
7.192377460767482e-003	1.734811e+000	-6.777159e+000	5.095000e+000
7.211908710767482e-003	1.802194e+000	-6.844274e+000	5.095000e+000
7.231439960767481e-003	1.843870e+000	-6.885810e+000	5.095000e+000
7.247050186702637e-003	1.856920e+000	-6.898850e+000	5.095000e+000
7.263903502947533e-003	1.848951e+000	-6.890979e+000	5.095000e+000
7.283434752947533e-003	1.814281e+000	-6.856548e+000	5.095000e+000
7.302966002947532e-003	1.753281e+000	-6.795916e+000	5.095000e+000
7.322497252947532e-003	1.665910e+000	-6.709039e+000	5.095000e+000
7.342028502947531e-003	1.553483e+000	-6.597226e+000	5.095000e+000
7.361559752947531e-003	1.417689e+000	-6.462158e+000	5.095000e+000
7.381091002947531e-003	1.260572e+000	-6.305867e+000	5.095000e+000
7.400622252947530e-003	1.084495e+000	-6.130703e+000	5.095000e+000
7.420153502947530e-003	8.921063e-001	-5.939301e+000	5.095000e+000
7.439684752947529e-003	6.862993e-001	-5.734540e+000	5.095000e+000
7.459216002947529e-003	4.701698e-001	-5.519499e+000	5.095000e+000
7.478747252947528e-003	2.469684e-001	-5.297414e+000	5.095000e+000
7.498278502947528e-003	2.005247e-002	-5.071624e+000	5.095000e+000
7.517809752947528e-003	-2.071651e-001	-4.845526e+000	5.095000e+000
7.537341002947527e-003	-4.312667e-001	-4.622519e+000	5.095000e+000
7.556872252947527e-003	-6.488817e-001	-4.405960e+000	5.095000e+000
7.576403502947526e-003	-8.567368e-001	-4.199104e+000	5.095000e+000
7.595934752947526e-003	-1.051706e+000	-4.005064e+000	5.095000e+000
7.615466002947526e-003	-1.230856e+000	-3.826757e+000	5.095000e+000
7.634997252947525e-003	-1.391493e+000	-3.666865e+000	5.095000e+000
7.654528502947525e-003	-1.531201e+000	-3.527794e+000	5.095000e+000
7.674059752947524e-003	-1.647878e+000	-3.411635e+000	5.095000e+000
7.693591002947524e-003	-1.739770e+000	-3.320136e+000	5.095000e+000
7.713122252947523e-003	-1.805494e+000	-3.254672e+000	5.095000e+000
7.732653502947523e-003	-1.845190e+000	-3.215105e+000	5.095000e+000
7.749026180598178e-003	-1.857341e+000	-3.202957e+000	5.095000e+000
7.764638045556031e-003	-1.848627e+000	-3.211573e+000	5.095000e+000
7.784169295556031e-003	-1.812476e+000	-3.247479e+000	5.095000e+000
7.803700545556030e-003	-1.750465e+000	-3.309118e+000	5.095000e+000
7.823231795556031e-003	-1.662125e+000	-3.396958e+000	5.095000e+000
7.842763045556030e-003	-1.548786e+000	-3.509679e+000	5.095000e+000
7.862294295556030e-003	-1.412152e+000	-3.645584e+000	5.095000e+000
7.881825545556030e-003	-1.254277e+000	-3.802629e+000	5.095000e+000
7.901356795556029e-003	-1.077537e+000	-3.978453e+000	5.095000e+000
7.920888045556029e-003	-8.845896e-001	-4.170411e+000	5.095000e+000
7.940419295556028e-003	-6.783372e-001	-4.375616e+000	5.095000e+000
7.959950545556028e-003	-4.618820e-001	-4.590980e+000	5.095000e+000
7.979481795556027e-003	-2.384797e-001	-4.813266e+000	5.095000e+000
7.999013045556027e-003	-1.149046e-002	-5.039129e+000	5.095000e+000
8.018544295556027e-003	2.156716e-001	-5.265172e+000	5.095000e+000
8.038075545556026e-003	4.395899e-001	-5.487996e+000	5.095000e+000
8.057606795556026e-003	6.568962e-001	-5.704248e+000	5.095000e+000
8.077138045556025e-003	8.643222e-001	-5.910677e+000	5.095000e+000
8.096669295556025e-003	1.058748e+000	-6.104177e+000	5.095000e+000
8.116200545556025e-003	1.237249e+000	-6.281839e+000	5.095000e+000
8.135731795556024e-003	1.397141e+000	-6.440989e+000	5.095000e+000
8.155263045556024e-003	1.536019e+000	-6.579234e+000	5.095000e+000
8.174794295556023e-003	1.651793e+000	-6.694495e+000	5.095000e+000
8.194325545556023e-003	1.742723e+000	-6.785038e+000	5.095000e+000
8.213856795556022e-003	1.807441e+000	-6.849502e+000	5.095000e+000
8.233388045556022e-003	1.846543e+000	-6.888477e+000	5.095000e+000
8.248527651729370e-003	1.857563e+000	-6.899495e+000	5.095000e+000
8.264452742236212e-003	1.848713e+000	-6.890745e+000	5.095000e+000
8.283983992236212e-003	1.812935e+000	-6.855211e+000	5.095000e+000
8.303515242236211e-003	1.751179e+000	-6.793826e+000	5.095000e+000
8.323046492236211e-003	1.663084e+000	-6.706229e+000	5.095000e+000
8.342577742236210e-003	1.549975e+000	-6.593737e+000	5.095000e+000
8.362108992236210e-003	1.413552e+000	-6.458043e+000	5.095000e+000
8.381640242236210e-003	1.255868e+000	-6.301187e+000	5.095000e+000
8.401171492236209e-003	1.079295e+000	-6.125529e+000	5.095000e+000
8.420702742236209e-003	8.864881e-001	-5.933711e+000	5.095000e+000
8.440233992236208e-003	6.803477e-001	-5.728618e+000	5.095000e+000
8.459765242236208e-003	4.639742e-001	-5.513335e+000	5.095000e+000
8.479296492236207e-003	2.406222e-001	-5.291100e+000	5.095000e+000
8.498827742236207e-003	1.365095e-002	-5.065254e+000	5.095000e+000
8.518358992236207e-003	-2.135256e-001	-4.839196e+000	5.095000e+000
8.537890242236206e-003	-4.374905e-001	-4.616326e+000	5.095000e+000
8.557421492236206e-003	-6.548752e-001	-4.399996e+000	5.095000e+000
8.576952742236205e-003	-8.624098e-001	-4.193459e+000	5.095000e+000
8.596483992236205e-003	-1.056973e+000	-3.999821e+000	5.095000e+000
8.616015242236205e-003	-1.235638e+000	-3.821997e+000	5.095000e+000
8.635546492236204e-003	-1.395719e+000	-3.662659e+000	5.095000e+000
8.655077742236204e-003	-1.534806e+000	-3.524205e+000	5.095000e+000
8.674608992236203e-003	-1.650809e+000	-3.408718e+000	5.095000e+000
8.694140242236203e-003	-1.741981e+000	-3.317933e+000	5.095000e+000
8.713671492236202e-003	-1.806953e+000	-3.253218e+000	5.095000e+000
8.733202742236202e-003	-1.845752e+000	-3.214543e+000	5.095000e+000
8.749920475737180e-003	-1.857448e+000	-3.202847e+000	5.095000e+000
8.764970442303073e-003	-1.848468e+000	-3.211730e+000	5.095000e+000
8.784501692303073e-003	-1.811646e+000	-3.248303e+000	5.095000e+000
8.804032942303072e-003	-1.749178e+000	-3.310397e+000	5.095000e+000
8.823564192303072e-003	-1.660401e+000	-3.398673e+000	5.095000e+000
8.843095442303071e-003	-1.546650e+000	-3.511803e+000	5.095000e+000
8.862626692303071e-003	-1.409636e+000	-3.648086e+000	5.095000e+000
8.882157942303071e-003	-1.251420e+000	-3.805472e+000	5.095000e+000
8.901689192303070e-003	-1.074381e+000	-3.981593e+000	5.095000e+000
8.921220442303070e-003	-8.811821e-001	-4.173801e+000	5.095000e+000
8.940751692303069e-003	-6.747297e-001	-4.379205e+000	5.095000e+000
8.960282942303069e-003	-4.581287e-001	-4.594715e+000	5.095000e+000
8.979814192303069e-003	-2.346370e-001	-4.817089e+000	5.095000e+000
8.999345442303068e-003	-7.616181e-003	-5.042984e+000	5.095000e+000
9.018876692303068e-003	2.195192e-001	-5.269001e+000	5.095000e+000
9.038407942303067e-003	4.433528e-001	-5.491740e+000	5.095000e+000
9.057939192303067e-003	6.605181e-001	-5.707853e+000	5.095000e+000
9.077470442303066e-003	8.677484e-001	-5.914087e+000	5.095000e+000
9.097001692303066e-003	1.061927e+000	-6.107342e+000	5.095000e+000
9.116532942303066e-003	1.240133e+000	-6.284709e+000	5.095000e+000
9.136064192303065e-003	1.399687e+000	-6.443523e+000	5.095000e+000
9.155595442303065e-003	1.538188e+000	-6.581394e+000	5.095000e+000
9.175126692303064e-003	1.653553e+000	-6.696248e+000	5.095000e+000
9.194657942303064e-003	1.744047e+000	-6.786357e+000	5.095000e+000
9.214189192303064e-003	1.808309e+000	-6.850367e+000	5.095000e+000
9.233720442303063e-003	1.846263e+000	-6.888199e+000	5.095000e+000
9.250763398696115e-003	1.857204e+000	-6.899146e+000	5.095000e+000
9.266243054403954e-003	1.846862e+000	-6.888909e+000	5.095000e+000
9.285774304403954e-003	1.808399e+000	-6.850703e+000	5.095000e+000
9.305305554403953e-003	1.744184e+000	-6.786870e+000	5.095000e+000
9.324836804403953e-003	1.653734e+000	-6.696930e+000	5.095000e+000
9.344368054403952e-003	1.538411e+000	-6.582236e+000	5.095000e+000
9.363899304403952e-003	1.399949e+000	-6.444512e+000	5.095000e+000
9.383430554403952e-003	1.240431e+000	-6.285830e+000	5.095000e+000
9.402961804403951e-003	1.062255e+000	-6.108577e+000	5.095000e+000
9.422493054403951e-003	8.681019e-001	-5.915419e+000	5.095000e+000
9.442024304403950e-003	6.608917e-001	-5.709260e+000	5.095000e+000
9.461555554403950e-003	4.437411e-001	-5.493203e+000	5.095000e+000
9.481086804403949e-003	2.199163e-001	-5.270496e+000	5.095000e+000
9.500618054403949e-003	-7.216304e-003	-5.044490e+000	5.095000e+000
9.520149304403949e-003	-2.342403e-001	-4.818583e+000	5.095000e+000
9.539680554403948e-003	-4.577412e-001	-4.596174e+000	5.095000e+000
9.559211804403948e-003	-6.743572e-001	-4.380608e+000	5.095000e+000
9.578743054403947e-003	-8.808302e-001	-4.175126e+000	5.095000e+000
9.598274304403947e-003	-1.074055e+000	-3.982821e+000	5.095000e+000
9.617805554403947e-003	-1.251125e+000	-3.806583e+000	5.095000e+000
9.637336804403946e-003	-1.409376e+000	-3.649065e+000	5.095000e+000
9.656868054403946e-003	-1.546429e+000	-3.512635e+000	5.095000e+000
9.676399304403945e-003	-1.660223e+000	-3.399344e+000	5.095000e+000
9.695930554403945e-003	-1.749045e+000	-3.310898e+000	5.095000e+000
9.715461804403944e-003	-1.811560e+000	-3.248627e+000	5.095000e+000
9.734993054403944e-003	-1.846828e+000	-3.213467e+000	5.095000e+000
9.754524304403944e-003	-1.854921e+000	-3.205345e+000	5.095000e+000
9.772366625851658e-003	-1.837379e+000	-3.222739e+000	5.095000e+000
9.791897875851658e-003	-1.791154e+000	-3.268669e+000	5.095000e+000
9.811429125851657e-003	-1.718591e+000	-3.340809e+000	5.095000e+000
9.830960375851657e-003	-1.620179e+000	-3.438673e+000	5.095000e+000
9.850491625851656e-003	-1.497398e+000	-3.560791e+000	5.095000e+000
9.870022875851656e-003	-1.352094e+000	-3.705324e+000	5.095000e+000
9.889554125851656e-003	-1.186454e+000	-3.870100e+000	5.095000e+000
9.909085375851655e-003	-1.002968e+000	-4.052638e+000	5.095000e+000
9.928616625851655e-003	-8.043970e-001	-4.250195e+000	5.095000e+000
9.948147875851654e-003	-5.937269e-001	-4.459799e+000	5.095000e+000
9.967679125851654e-003	-3.741265e-001	-4.678296e+000	5.095000e+000
9.987210375851654e-003	-1.488989e-001	-4.902401e+000	5.095000e+000
1.000674162585165e-002	7.856822e-002	-5.128743e+000	5.095000e+000
1.002627287585165e-002	3.048536e-001	-5.353917e+000	5.095000e+000
1.004580412585165e-002	5.265538e-001	-5.574537e+000	5.095000e+000
1.006533537585165e-002	7.403340e-001	-5.787284e+000	5.095000e+000
1.008486662585165e-002	9.429790e-001	-5.988958e+000	5.095000e+000
1.010439787585165e-002	1.131441e+000	-6.176527e+000	5.095000e+000
1.012392912585165e-002	1.302885e+000	-6.347168e+000	5.095000e+000
1.014346037585165e-002	1.454732e+000	-6.498316e+000	5.095000e+000
1.016299162585165e-002	1.584698e+000	-6.627696e+000	5.095000e+000
1.018252287585165e-002	1.690830e+000	-6.733363e+000	5.095000e+000
1.020205412585165e-002	1.771529e+000	-6.813727e+000	5.095000e+000
1.022158537585165e-002	1.825584e+000	-6.867581e+000	5.095000e+000
1.024111662585165e-002	1.852179e+000	-6.894113e+000	5.095000e+000
1.026064787585165e-002	1.850917e+000	-6.892924e+000	5.095000e+000
1.028017912585165e-002	1.821815e+000	-6.864033e+000	5.095000e+000
1.029971037585165e-002	1.765311e+000	-6.807874e+000	5.095000e+000
1.031924162585165e-002	1.682255e+000	-6.725292e+000	5.095000e+000
1.033877287585165e-002	1.573896e+000	-6.617529e+000	5.095000e+000
1.035830412585165e-002	1.441865e+000	-6.486205e+000	5.095000e+000
1.037783537585165e-002	1.288146e+000	-6.333297e+000	5.095000e+000
1.039736662585165e-002	1.115053e+000	-6.161103e+000	5.095000e+000
1.041689787585164e-002	9.251881e-001	-5.972213e+000	5.095000e+000
1.043642912585164e-002	7.214077e-001	-5.769470e+000	5.095000e+000
1.045596037585164e-002	5.067766e-001	-5.555922e+000	5.095000e+000
1.047549162585164e-002	2.845231e-001	-5.334782e+000	5.095000e+000
1.049502287585164e-002	5.799013e-002	-5.109374e+000	5.095000e+000
1.051455412585164e-002	-1.694150e-001	-4.883090e+000	5.095000e+000
1.053408537585164e-002	-3.942721e-001	-4.659334e+000	5.095000e+000
1.055361662585164e-002	-6.131988e-001	-4.441471e+000	5.095000e+000
1.057314787585164e-002	-8.229026e-001	-4.232777e+000	5.095000e+000
1.059267912585164e-002	-1.020229e+000	-4.036391e+000	5.095000e+000
1.061221037585164e-002	-1.202210e+000	-3.855268e+000	5.095000e+000
1.063174162585164e-002	-1.366109e+000	-3.692132e+000	5.095000e+000
1.065127287585164e-002	-1.509460e+000	-3.549437e+000	5.095000e+000
1.067080412585164e-002	-1.630108e+000	-3.429327e+000	5.095000e+000
1.069033537585164e-002	-1.726238e+000	-3.333612e+000	5.095000e+000
1.070986662585164e-002	-1.796403e+000	-3.263729e+000	5.095000e+000
1.072939787585164e-002	-1.840925e+000	-3.219360e+000	5.095000e+000
1.074507072084618e-002	-1.855970e+000	-3.204334e+000	5.095000e+000
1.076316738315329e-002	-1.849234e+000	-3.210974e+000	5.095000e+000
1.078269863315329e-002	-1.816050e+000	-3.243927e+000	5.095000e+000
1.080222988315329e-002	-1.756065e+000	-3.303550e+000	5.095000e+000
1.082176113315329e-002	-1.669667e+000	-3.389459e+000	5.095000e+000
1.084129238315329e-002	-1.558155e+000	-3.500360e+000	5.095000e+000
1.086082363315329e-002	-1.423207e+000	-3.634587e+000	5.095000e+000
1.088035488315329e-002	-1.266853e+000	-3.790119e+000	5.095000e+000
1.089988613315329e-002	-1.091444e+000	-3.964618e+000	5.095000e+000
1.091941738315328e-002	-8.996188e-001	-4.155458e+000	5.095000e+000
1.093894863315328e-002	-6.942625e-001	-4.359771e+000	5.095000e+000
1.095847988315328e-002	-4.784639e-001	-4.574481e+000	5.095000e+000
1.097801113315328e-002	-2.554687e-001	-4.796361e+000	5.095000e+000
1.099754238315328e-002	-2.863104e-002	-5.022073e+000	5.095000e+000
1.101707363315328e-002	1.986373e-001	-5.248221e+000	5.095000e+000
1.103660488315328e-002	4.229179e-001	-5.471405e+000	5.095000e+000
1.105613613315328e-002	6.408374e-001	-5.688267e+000	5.095000e+000
1.107566738315328e-002	8.491182e-001	-5.895546e+000	5.095000e+000
1.109519863315328e-002	1.044628e+000	-6.090124e+000	5.095000e+000
1.111472988315328e-002	1.224425e+000	-6.269074e+000	5.095000e+000
1.113426113315328e-002	1.385805e+000	-6.429705e+000	5.095000e+000
1.115379238315328e-002	1.526342e+000	-6.569601e+000	5.095000e+000
1.117332363315328e-002	1.643921e+000	-6.686657e+000	5.095000e+000
1.119285488315328e-002	1.736774e+000	-6.779114e+000	5.095000e+000
1.121238613315328e-002	1.803505e+000	-6.845580e+000	5.095000e+000
1.123191738315328e-002	1.844402e+000	-6.886342e+000	5.095000e+000
1.124782757363982e-002	1.857116e+000	-6.899048e+000	5.095000e+000
1.126419250699283e-002	1.848829e+000	-6.890859e+000	5.095000e+000
1.128372375699283e-002	1.813576e+000	-6.855847e+000	5.095000e+000
1.130325500699283e-002	1.752178e+000	-6.794818e+000	5.095000e+000
1.132278625699283e-002	1.664426e+000	-6.707562e+000	5.095000e+000
1.134231750699283e-002	1.551639e+000	-6.595392e+000	5.095000e+000
1.136184875699283e-002	1.415514e+000	-6.459995e+000	5.095000e+000
1.138138000699283e-002	1.258099e+000	-6.303406e+000	5.095000e+000
1.140091125699282e-002	1.081760e+000	-6.127982e+000	5.095000e+000
1.142044250699282e-002	8.891514e-001	-5.936361e+000	5.095000e+000
1.143997375699282e-002	6.831686e-001	-5.731425e+000	5.095000e+000
1.145950500699282e-002	4.669104e-001	-5.516256e+000	5.095000e+000
1.147903625699282e-002	2.436295e-001	-5.294091e+000	5.095000e+000
1.149856750699282e-002	1.668408e-002	-5.068272e+000	5.095000e+000
1.151809875699282e-002	-2.105123e-001	-4.842195e+000	5.095000e+000
1.153763000699282e-002	-4.345423e-001	-4.619260e+000	5.095000e+000
1.155716125699282e-002	-6.520364e-001	-4.402821e+000	5.095000e+000
1.157669250699282e-002	-8.597232e-001	-4.196133e+000	5.095000e+000
1.159622375699282e-002	-1.054479e+000	-4.002304e+000	5.095000e+000
1.161575500699282e-002	-1.233374e+000	-3.824250e+000	5.095000e+000
1.163528625699282e-002	-1.393719e+000	-3.664650e+000	5.095000e+000
1.165481750699282e-002	-1.533100e+000	-3.525903e+000	5.095000e+000
1.167434875699282e-002	-1.649423e+000	-3.410098e+000	5.095000e+000
1.169388000699282e-002	-1.740936e+000	-3.318974e+000	5.095000e+000
1.171341125699282e-002	-1.806264e+000	-3.253904e+000	5.095000e+000
1.173294250699282e-002	-1.845488e+000	-3.214807e+000	5.095000e+000
1.174949675176921e-002	-1.857404e+000	-3.202893e+000	5.095000e+000
1.176481295143126e-002	-1.848545e+000	-3.211655e+000	5.095000e+000
1.178434420143126e-002	-1.812040e+000	-3.247911e+000	5.095000e+000
1.180387545143126e-002	-1.749789e+000	-3.309790e+000	5.095000e+000
1.182340670143126e-002	-1.661219e+000	-3.397860e+000	5.095000e+000
1.184293795143126e-002	-1.547663e+000	-3.510796e+000	5.095000e+000
1.186246920143126e-002	-1.410829e+000	-3.646899e+000	5.095000e+000
1.188200045143126e-002	-1.252774e+000	-3.804124e+000	5.095000e+000
1.190153170143126e-002	-1.075877e+000	-3.980105e+000	5.095000e+000
1.192106295143126e-002	-8.827970e-001	-4.172194e+000	5.095000e+000
1.194059420143125e-002	-6.764393e-001	-4.377504e+000	5.095000e+000
1.196012545143125e-002	-4.599073e-001	-4.592945e+000	5.095000e+000
1.197965670143125e-002	-2.364578e-001	-4.815278e+000	5.095000e+000
1.199918795143125e-002	-9.451833e-003	-5.041157e+000	5.095000e+000
1.201871920143125e-002	2.176963e-001	-5.267187e+000	5.095000e+000
1.203825045143125e-002	4.415702e-001	-5.489966e+000	5.095000e+000
1.205778170143125e-002	6.588024e-001	-5.706145e+000	5.095000e+000
1.207731295143125e-002	8.661256e-001	-5.912472e+000	5.095000e+000
1.209684420143125e-002	1.060421e+000	-6.105843e+000	5.095000e+000
1.211637545143125e-002	1.238768e+000	-6.283350e+000	5.095000e+000
1.213590670143125e-002	1.398482e+000	-6.442323e+000	5.095000e+000
1.215543795143125e-002	1.537161e+000	-6.580371e+000	5.095000e+000
1.217496920143125e-002	1.652720e+000	-6.695418e+000	5.095000e+000
1.219450045143125e-002	1.743421e+000	-6.785733e+000	5.095000e+000
1.221403170143125e-002	1.807899e+000	-6.849957e+000	5.095000e+000
1.223356295143125e-002	1.846110e+000	-6.888046e+000	5.095000e+000
1.225050697305935e-002	1.857294e+000	-6.899234e+000	5.095000e+000
1.226582551308842e-002	1.847410e+000	-6.889452e+000	5.095000e+000
1.228535676308842e-002	1.809477e+000	-6.851775e+000	5.095000e+000
1.230488801308842e-002	1.745835e+000	-6.788512e+000	5.095000e+000
1.232441926308842e-002	1.655934e+000	-6.699118e+000	5.095000e+000
1.234395051308842e-002	1.541126e+000	-6.584936e+000	5.095000e+000
1.236348176308842e-002	1.403138e+000	-6.447683e+000	5.095000e+000
1.238301301308842e-002	1.244045e+000	-6.289426e+000	5.095000e+000
1.240254426308842e-002	1.066241e+000	-6.112543e+000	5.095000e+000
1.242207551308842e-002	8.723999e-001	-5.919695e+000	5.095000e+000
1.244160676308842e-002	6.654369e-001	-5.713782e+000	5.095000e+000
1.246113801308842e-002	4.484650e-001	-5.497903e+000	5.095000e+000
1.248066926308842e-002	2.247480e-001	-5.275304e+000	5.095000e+000
1.250020051308842e-002	-2.349573e-003	-5.049333e+000	5.095000e+000
1.251973176308842e-002	-2.294118e-001	-4.823388e+000	5.095000e+000
1.253926301308842e-002	-4.530234e-001	-4.600869e+000	5.095000e+000
1.255879426308842e-002	-6.698211e-001	-4.385122e+000	5.095000e+000
1.257832551308842e-002	-8.765441e-001	-4.179392e+000	5.095000e+000
1.259785676308842e-002	-1.070083e+000	-3.986773e+000	5.095000e+000
1.261738801308841e-002	-1.247527e+000	-3.810164e+000	5.095000e+000
1.263691926308841e-002	-1.406207e+000	-3.652220e+000	5.095000e+000
1.265645051308841e-002	-1.543736e+000	-3.515316e+000	5.095000e+000
1.267598176308841e-002	-1.658046e+000	-3.401512e+000	5.095000e+000
1.269551301308841e-002	-1.747418e+000	-3.312520e+000	5.095000e+000
1.271504426308841e-002	-1.810506e+000	-3.249677e+000	5.095000e+000
1.273457551308841e-002	-1.846363e+000	-3.213931e+000	5.095000e+000
1.275410676308841e-002	-1.855147e+000	-3.205122e+000	5.095000e+000
1.277168683210418e-002	-1.838566e+000	-3.221560e+000	5.095000e+000
1.279121808210418e-002	-1.793200e+000	-3.266635e+000	5.095000e+000
1.281074933210418e-002	-1.721559e+000	-3.337858e+000	5.095000e+000
1.283028058210418e-002	-1.624023e+000	-3.434850e+000	5.095000e+000
1.284981183210418e-002	-1.502061e+000	-3.556152e+000	5.095000e+000
1.286934308210417e-002	-1.357507e+000	-3.699940e+000	5.095000e+000
1.288887433210417e-002	-1.192534e+000	-3.864051e+000	5.095000e+000
1.290840558210417e-002	-1.009625e+000	-4.046016e+000	5.095000e+000
1.292793683210417e-002	-8.115294e-001	-4.243099e+000	5.095000e+000
1.294746808210417e-002	-6.012281e-001	-4.452335e+000	5.095000e+000
1.296699933210417e-002	-3.818837e-001	-4.670578e+000	5.095000e+000
1.298653058210417e-002	-1.567955e-001	-4.894544e+000	5.095000e+000
1.300606183210417e-002	7.065114e-002	-5.120865e+000	5.095000e+000
1.302559308210417e-002	2.970351e-001	-5.346137e+000	5.095000e+000
1.304512433210417e-002	5.189514e-001	-5.566972e+000	5.095000e+000
1.306465558210417e-002	7.330621e-001	-5.780047e+000	5.095000e+000
1.308418683210417e-002	9.361470e-001	-5.982159e+000	5.095000e+000
1.310371808210417e-002	1.125151e+000	-6.170267e+000	5.095000e+000
1.312324933210417e-002	1.297232e+000	-6.341542e+000	5.095000e+000
1.314278058210417e-002	1.449802e+000	-6.493408e+000	5.095000e+000
1.316231183210417e-002	1.580565e+000	-6.623581e+000	5.095000e+000
1.318184308210417e-002	1.687555e+000	-6.730102e+000	5.095000e+000
1.320137433210417e-002	1.769162e+000	-6.811370e+000	5.095000e+000
1.322090558210417e-002	1.824160e+000	-6.866162e+000	5.095000e+000
1.324043683210417e-002	1.851721e+000	-6.893654e+000	5.095000e+000
1.325996808210417e-002	1.851430e+000	-6.893432e+000	5.095000e+000
1.327949933210417e-002	1.823291e+000	-6.865500e+000	5.095000e+000
1.329903058210417e-002	1.767729e+000	-6.810279e+000	5.095000e+000
1.331856183210417e-002	1.685579e+000	-6.728598e+000	5.095000e+000
1.333809308210416e-002	1.578076e+000	-6.621686e+000	5.095000e+000
1.335762433210416e-002	1.446837e+000	-6.491151e+000	5.095000e+000
1.337715558210416e-002	1.293836e+000	-6.338957e+000	5.095000e+000
1.339668683210416e-002	1.121375e+000	-6.167392e+000	5.095000e+000
1.341621808210416e-002	9.320473e-001	-5.979038e+000	5.095000e+000
1.343574933210416e-002	7.287008e-001	-5.776726e+000	5.095000e+000
1.345528058210416e-002	5.143940e-001	-5.563501e+000	5.095000e+000
1.347481183210416e-002	2.923502e-001	-5.342569e+000	5.095000e+000
1.349434308210416e-002	6.590919e-002	-5.117254e+000	5.095000e+000
1.351387433210416e-002	-1.615231e-001	-4.890944e+000	5.095000e+000
1.353340558210416e-002	-3.865260e-001	-4.667042e+000	5.095000e+000
1.355293683210416e-002	-6.057152e-001	-4.448918e+000	5.095000e+000
1.357246808210416e-002	-8.157938e-001	-4.239851e+000	5.095000e+000
1.359199933210416e-002	-1.013602e+000	-4.042987e+000	5.095000e+000
1.361153058210416e-002	-1.196165e+000	-3.861286e+000	5.095000e+000
1.363106183210416e-002	-1.360736e+000	-3.697480e+000	5.095000e+000
1.365059308210416e-002	-1.504841e+000	-3.554035e+000	5.095000e+000
1.367012433210416e-002	-1.626311e+000	-3.433108e+000	5.095000e+000
1.368965558210416e-002	-1.723320e+000	-3.336517e+000	5.095000e+000
1.370918683210416e-002	-1.794409e+000	-3.265714e+000	5.095000e+000
1.372871808210416e-002	-1.839732e+000	-3.220549e+000	5.095000e+000
1.374481803700244e-002	-1.855688e+000	-3.204616e+000	5.095000e+000
1.376307338514039e-002	-1.849268e+000	-3.210941e+000	5.095000e+000
1.378260463514039e-002	-1.816274e+000	-3.243705e+000	5.095000e+000
1.380213588514039e-002	-1.756418e+000	-3.303200e+000	5.095000e+000
1.382166713514038e-002	-1.670144e+000	-3.388985e+000	5.095000e+000
1.384119838514038e-002	-1.558749e+000	-3.499769e+000	5.095000e+000
1.386072963514038e-002	-1.423909e+000	-3.633888e+000	5.095000e+000
1.388026088514038e-002	-1.267653e+000	-3.789323e+000	5.095000e+000
1.389979213514038e-002	-1.092330e+000	-3.963737e+000	5.095000e+000
1.391932338514038e-002	-9.005768e-001	-4.154505e+000	5.095000e+000
1.393885463514038e-002	-6.952784e-001	-4.358760e+000	5.095000e+000
1.395838588514038e-002	-4.795223e-001	-4.573428e+000	5.095000e+000
1.397791713514038e-002	-2.565539e-001	-4.795281e+000	5.095000e+000
1.399744838514038e-002	-2.972652e-002	-5.020983e+000	5.095000e+000
1.401697963514038e-002	1.975479e-001	-5.247137e+000	5.095000e+000
1.403651088514038e-002	4.218511e-001	-5.470344e+000	5.095000e+000
1.405604213514038e-002	6.398092e-001	-5.687244e+000	5.095000e+000
1.407557338514038e-002	8.481439e-001	-5.894577e+000	5.095000e+000
1.409510463514038e-002	1.043722e+000	-6.089223e+000	5.095000e+000
1.411463588514038e-002	1.223601e+000	-6.268255e+000	5.095000e+000
1.413416713514038e-002	1.385077e+000	-6.428980e+000	5.095000e+000
1.415369838514038e-002	1.525719e+000	-6.568981e+000	5.095000e+000
1.417322963514038e-002	1.643413e+000	-6.686152e+000	5.095000e+000
1.419276088514038e-002	1.736389e+000	-6.778730e+000	5.095000e+000
1.421229213514038e-002	1.803248e+000	-6.845324e+000	5.095000e+000
1.423182338514038e-002	1.844299e+000	-6.886239e+000	5.095000e+000
1.424767451722473e-002	1.857080e+000	-6.899012e+000	5.095000e+000
1.426413560915490e-002	1.848853e+000	-6.890883e+000	5.095000e+000
1.428366685915490e-002	1.813715e+000	-6.855986e+000	5.095000e+000
1.430319810915490e-002	1.752396e+000	-6.795035e+000	5.095000e+000
1.432272935915490e-002	1.664718e+000	-6.707854e+000	5.095000e+000
1.434226060915490e-002	1.552002e+000	-6.595754e+000	5.095000e+000
1.436179185915490e-002	1.415943e+000	-6.460421e+000	5.095000e+000
1.438132310915490e-002	1.258586e+000	-6.303891e+000	5.095000e+000
1.440085435915490e-002	1.082299e+000	-6.128518e+000	5.095000e+000
1.442038560915490e-002	8.897334e-001	-5.936940e+000	5.095000e+000
1.443991685915490e-002	6.837852e-001	-5.732038e+000	5.095000e+000
1.445944810915490e-002	4.675522e-001	-5.516895e+000	5.095000e+000
1.447897935915490e-002	2.442869e-001	-5.294745e+000	5.095000e+000
1.449851060915490e-002	1.734724e-002	-5.068932e+000	5.095000e+000
1.451804185915490e-002	-2.098533e-001	-4.842851e+000	5.095000e+000
1.453757310915490e-002	-4.338975e-001	-4.619902e+000	5.095000e+000
1.455710435915490e-002	-6.514155e-001	-4.403439e+000	5.095000e+000
1.457663560915490e-002	-8.591355e-001	-4.196717e+000	5.095000e+000
1.459616685915490e-002	-1.053933e+000	-4.002847e+000	5.095000e+000
1.461569810915490e-002	-1.232879e+000	-3.824744e+000	5.095000e+000
1.463522935915490e-002	-1.393281e+000	-3.665086e+000	5.095000e+000
1.465476060915490e-002	-1.532727e+000	-3.526275e+000	5.095000e+000
1.467429185915490e-002	-1.649119e+000	-3.410400e+000	5.095000e+000
1.469382310915490e-002	-1.740707e+000	-3.319202e+000	5.095000e+000
1.471335435915490e-002	-1.806113e+000	-3.254055e+000	5.095000e+000
1.473288560915489e-002	-1.845430e+000	-3.214865e+000	5.095000e+000
1.474940410818508e-002	-1.857392e+000	-3.202904e+000	5.095000e+000
1.476477851717994e-002	-1.848561e+000	-3.211638e+000	5.095000e+000
1.478430976717994e-002	-1.812126e+000	-3.247826e+000	5.095000e+000
1.480384101717993e-002	-1.749922e+000	-3.309658e+000	5.095000e+000
1.482337226717993e-002	-1.661398e+000	-3.397682e+000	5.095000e+000
1.484290351717993e-002	-1.547884e+000	-3.510576e+000	5.095000e+000
1.486243476717993e-002	-1.411089e+000	-3.646640e+000	5.095000e+000
1.488196601717993e-002	-1.253070e+000	-3.803830e+000	5.095000e+000
1.490149726717993e-002	-1.076204e+000	-3.979780e+000	5.095000e+000
1.492102851717993e-002	-8.831500e-001	-4.171844e+000	5.095000e+000
1.494055976717993e-002	-6.768130e-001	-4.377132e+000	5.095000e+000
1.496009101717993e-002	-4.602961e-001	-4.592558e+000	5.095000e+000
1.497962226717993e-002	-2.368559e-001	-4.814881e+000	5.095000e+000
1.499915351717993e-002	-9.853188e-003	-5.040758e+000	5.095000e+000
1.501868476717993e-002	2.172978e-001	-5.266790e+000	5.095000e+000
1.503821601717993e-002	4.411803e-001	-5.489578e+000	5.095000e+000
1.505774726717993e-002	6.584272e-001	-5.705772e+000	5.095000e+000
1.507727851717993e-002	8.657706e-001	-5.912119e+000	5.095000e+000
1.509680976717993e-002	1.060092e+000	-6.105515e+000	5.095000e+000
1.511634101717993e-002	1.238469e+000	-6.283053e+000	5.095000e+000
1.513587226717993e-002	1.398218e+000	-6.442061e+000	5.095000e+000
1.515540351717993e-002	1.536936e+000	-6.580148e+000	5.095000e+000
1.517493476717993e-002	1.652538e+000	-6.695237e+000	5.095000e+000
1.519446601717993e-002	1.743284e+000	-6.785596e+000	5.095000e+000
1.521399726717993e-002	1.807809e+000	-6.849868e+000	5.095000e+000
1.523352851717993e-002	1.846076e+000	-6.888013e+000	5.095000e+000
1.525045090717319e-002	1.857313e+000	-6.899253e+000	5.095000e+000
1.526573422012672e-002	1.847528e+000	-6.889570e+000	5.095000e+000
1.528526547012672e-002	1.809711e+000	-6.852007e+000	5.095000e+000
1.530479672012672e-002	1.746194e+000	-6.788869e+000	5.095000e+000
1.532432797012672e-002	1.656413e+000	-6.699594e+000	5.095000e+000
1.534385922012672e-002	1.541718e+000	-6.585525e+000	5.095000e+000
1.536339047012672e-002	1.403834e+000	-6.448376e+000	5.095000e+000
1.538292172012672e-002	1.244834e+000	-6.290211e+000	5.095000e+000
1.540245297012672e-002	1.067112e+000	-6.113409e+000	5.095000e+000
1.542198422012672e-002	8.733388e-001	-5.920629e+000	5.095000e+000
1.544151547012672e-002	6.664300e-001	-5.714771e+000	5.095000e+000
1.546104672012672e-002	4.494975e-001	-5.498930e+000	5.095000e+000
1.548057797012672e-002	2.258042e-001	-5.276355e+000	5.095000e+000
1.551964047012672e-002	-2.283558e-001	-4.824439e+000	5.095000e+000
1.553917172012672e-002	-4.519914e-001	-4.601896e+000	5.095000e+000
1.555870297012672e-002	-6.688287e-001	-4.386109e+000	5.095000e+000
1.557823422012672e-002	-8.756061e-001	-4.180326e+000	5.095000e+000
1.559776547012672e-002	-1.069214e+000	-3.987639e+000	5.095000e+000
1.561729672012672e-002	-1.246739e+000	-3.810948e+000	5.095000e+000
1.563682797012672e-002	-1.405513e+000	-3.652910e+000	5.095000e+000
1.565635922012672e-002	-1.543146e+000	-3.515903e+000	5.095000e+000
1.567589047012672e-002	-1.657569e+000	-3.401987e+000	5.095000e+000
1.569542172012672e-002	-1.747060e+000	-3.312876e+000	5.095000e+000
1.571495297012672e-002	-1.810274e+000	-3.249909e+000	5.095000e+000
1.573448422012672e-002	-1.846978e+000	-3.213319e+000	5.095000e+000
1.575200694675672e-002	-1.856689e+000	-3.203595e+000	5.095000e+000
1.576826791517520e-002	-1.844027e+000	-3.216138e+000	5.095000e+000
1.578779916517520e-002	-1.802991e+000	-3.256904e+000	5.095000e+000
1.580733041517520e-002	-1.736004e+000	-3.323495e+000	5.095000e+000
1.582686166517520e-002	-1.642907e+000	-3.416071e+000	5.095000e+000
1.584639291517520e-002	-1.525098e+000	-3.533239e+000	5.095000e+000
1.586592416517520e-002	-1.384351e+000	-3.673238e+000	5.095000e+000
1.588545541517520e-002	-1.222781e+000	-3.833961e+000	5.095000e+000
1.590498666517520e-002	-1.042820e+000	-4.012991e+000	5.095000e+000
1.592451791517520e-002	-8.471739e-001	-4.207636e+000	5.095000e+000
1.594404916517520e-002	-6.387855e-001	-4.414968e+000	5.095000e+000
1.596358041517520e-002	-4.207891e-001	-4.631867e+000	5.095000e+000
1.598311166517520e-002	-1.964636e-001	-4.855073e+000	5.095000e+000
1.600264291517520e-002	3.081684e-002	-5.081227e+000	5.095000e+000
1.602217416517520e-002	2.576338e-001	-5.306929e+000	5.095000e+000
1.604170541517520e-002	4.805757e-001	-5.528782e+000	5.095000e+000
1.606123666517520e-002	6.962893e-001	-5.743452e+000	5.095000e+000
1.608076791517520e-002	9.015300e-001	-5.947707e+000	5.095000e+000
1.610029916517520e-002	1.093211e+000	-6.138478e+000	5.095000e+000
1.611983041517519e-002	1.268449e+000	-6.312893e+000	5.095000e+000
1.613936166517519e-002	1.424608e+000	-6.468330e+000	5.095000e+000
1.615889291517519e-002	1.559340e+000	-6.602451e+000	5.095000e+000
1.617842416517519e-002	1.670618e+000	-6.713239e+000	5.095000e+000
1.619795541517519e-002	1.756769e+000	-6.799026e+000	5.095000e+000
1.621748666517519e-002	1.816496e+000	-6.858523e+000	5.095000e+000
1.623701791517519e-002	1.848901e+000	-6.890836e+000	5.095000e+000
1.625654916517519e-002	1.853646e+000	-6.895626e+000	5.095000e+000
1.627566296580911e-002	1.831150e+000	-6.873308e+000	5.095000e+000
1.629519421580911e-002	1.780773e+000	-6.823246e+000	5.095000e+000
1.631472546580911e-002	1.703760e+000	-6.746677e+000	5.095000e+000
1.633425671580911e-002	1.601121e+000	-6.644606e+000	5.095000e+000
1.635378796580911e-002	1.474399e+000	-6.518567e+000	5.095000e+000
1.637331921580911e-002	1.325501e+000	-6.370456e+000	5.095000e+000
1.639285046580911e-002	1.156667e+000	-6.202501e+000	5.095000e+000
1.641238171580911e-002	9.704347e-001	-6.017229e+000	5.095000e+000
1.643191296580911e-002	7.696064e-001	-5.817424e+000	5.095000e+000
1.645144421580911e-002	5.572026e-001	-5.606094e+000	5.095000e+000
1.647097546580911e-002	3.364179e-001	-5.386417e+000	5.095000e+000
1.649050671580911e-002	1.105731e-001	-5.161696e+000	5.095000e+000
1.651003796580911e-002	-1.169347e-001	-4.935312e+000	5.095000e+000
1.652956921580910e-002	-3.426837e-001	-4.710670e+000	5.095000e+000
1.654910046580910e-002	-5.632785e-001	-4.491149e+000	5.095000e+000
1.656863171580910e-002	-7.754010e-001	-4.280050e+000	5.095000e+000
1.658816296580910e-002	-9.758607e-001	-4.080549e+000	5.095000e+000
1.660769421580910e-002	-1.161643e+000	-3.895646e+000	5.095000e+000
1.662722546580910e-002	-1.329952e+000	-3.728122e+000	5.095000e+000
1.664675671580910e-002	-1.478258e+000	-3.580497e+000	5.095000e+000
1.666628796580910e-002	-1.604330e+000	-3.454992e+000	5.095000e+000
1.668581921580910e-002	-1.706271e+000	-3.353494e+000	5.095000e+000
1.670535046580910e-002	-1.782548e+000	-3.277530e+000	5.095000e+000
1.672488171580910e-002	-1.832014e+000	-3.228242e+000	5.095000e+000
1.674441296580910e-002	-1.854291e+000	-3.206008e+000	5.095000e+000
1.676292268197227e-002	-1.849320e+000	-3.210890e+000	5.095000e+000
1.678245393197227e-002	-1.816630e+000	-3.243351e+000	5.095000e+000
1.680198518197227e-002	-1.756982e+000	-3.302639e+000	5.095000e+000
1.682151643197227e-002	-1.670907e+000	-3.388225e+000	5.095000e+000
1.684104768197227e-002	-1.559701e+000	-3.498823e+000	5.095000e+000
1.686057893197227e-002	-1.425035e+000	-3.632769e+000	5.095000e+000
1.688011018197227e-002	-1.268935e+000	-3.788048e+000	5.095000e+000
1.689964143197227e-002	-1.093749e+000	-3.962325e+000	5.095000e+000
1.691917268197227e-002	-9.021121e-001	-4.152978e+000	5.095000e+000
1.693870393197227e-002	-6.969066e-001	-4.357140e+000	5.095000e+000
1.695823518197227e-002	-4.812190e-001	-4.571740e+000	5.095000e+000
1.697776643197227e-002	-2.582934e-001	-4.793551e+000	5.095000e+000
1.699729768197227e-002	-3.148284e-002	-5.019235e+000	5.095000e+000
1.701682893197227e-002	1.958013e-001	-5.245399e+000	5.095000e+000
1.703636018197227e-002	4.201403e-001	-5.468641e+000	5.095000e+000
1.705589143197227e-002	6.381601e-001	-5.685603e+000	5.095000e+000
1.707542268197227e-002	8.465814e-001	-5.893022e+000	5.095000e+000
1.709495393197227e-002	1.042269e+000	-6.087777e+000	5.095000e+000
1.711448518197227e-002	1.222281e+000	-6.266940e+000	5.095000e+000
1.713401643197227e-002	1.383907e+000	-6.427816e+000	5.095000e+000
1.715354768197227e-002	1.524719e+000	-6.567986e+000	5.095000e+000
1.717307893197227e-002	1.642598e+000	-6.685340e+000	5.095000e+000
1.719261018197226e-002	1.735770e+000	-6.778114e+000	5.095000e+000
1.721214143197226e-002	1.802835e+000	-6.844912e+000	5.095000e+000
1.723167268197226e-002	1.844131e+000	-6.886072e+000	5.095000e+000
1.724742912752588e-002	1.857020e+000	-6.898952e+000	5.095000e+000
1.726404438409505e-002	1.848892e+000	-6.890922e+000	5.095000e+000
1.728357563409505e-002	1.813938e+000	-6.856207e+000	5.095000e+000
1.730310688409505e-002	1.752744e+000	-6.795381e+000	5.095000e+000
1.732263813409505e-002	1.665187e+000	-6.708320e+000	5.095000e+000
1.734216938409505e-002	1.552585e+000	-6.596333e+000	5.095000e+000
1.736170063409505e-002	1.416630e+000	-6.461104e+000	5.095000e+000
1.738123188409504e-002	1.259367e+000	-6.304667e+000	5.095000e+000
1.740076313409504e-002	1.083163e+000	-6.129377e+000	5.095000e+000
1.742029438409504e-002	8.906662e-001	-5.937868e+000	5.095000e+000
1.743982563409504e-002	6.847735e-001	-5.733022e+000	5.095000e+000
1.745935688409504e-002	4.685811e-001	-5.517919e+000	5.095000e+000
1.747888813409504e-002	2.453409e-001	-5.295794e+000	5.095000e+000
1.749841938409504e-002	1.841049e-002	-5.069990e+000	5.095000e+000
1.751795063409504e-002	-2.087968e-001	-4.843902e+000	5.095000e+000
1.753748188409504e-002	-4.328636e-001	-4.620931e+000	5.095000e+000
1.755701313409504e-002	-6.504198e-001	-4.404429e+000	5.095000e+000
1.757654438409504e-002	-8.581929e-001	-4.197655e+000	5.095000e+000
1.759607563409504e-002	-1.053058e+000	-4.003718e+000	5.095000e+000
1.761560688409504e-002	-1.232084e+000	-3.825534e+000	5.095000e+000
1.763513813409504e-002	-1.392579e+000	-3.665785e+000	5.095000e+000
1.765466938409504e-002	-1.532128e+000	-3.526872e+000	5.095000e+000
1.767420063409504e-002	-1.648632e+000	-3.410885e+000	5.095000e+000
1.769373188409504e-002	-1.740339e+000	-3.319569e+000	5.095000e+000
1.771326313409504e-002	-1.805870e+000	-3.254297e+000	5.095000e+000
1.773279438409504e-002	-1.845336e+000	-3.214959e+000	5.095000e+000
1.774925557109208e-002	-1.857373e+000	-3.202924e+000	5.095000e+000
1.776472330786420e-002	-1.848587e+000	-3.211612e+000	5.095000e+000
1.778425455786420e-002	-1.812264e+000	-3.247689e+000	5.095000e+000
1.780378580786420e-002	-1.750136e+000	-3.309445e+000	5.095000e+000
1.782331705786420e-002	-1.661684e+000	-3.397397e+000	5.095000e+000
1.784284830786420e-002	-1.548239e+000	-3.510223e+000	5.095000e+000
1.786237955786420e-002	-1.411507e+000	-3.646225e+000	5.095000e+000
1.788191080786420e-002	-1.253545e+000	-3.803358e+000	5.095000e+000
1.790144205786420e-002	-1.076728e+000	-3.979258e+000	5.095000e+000
1.792097330786420e-002	-8.837159e-001	-4.171280e+000	5.095000e+000
1.794050455786420e-002	-6.774122e-001	-4.376536e+000	5.095000e+000
1.796003580786420e-002	-4.609195e-001	-4.591938e+000	5.095000e+000
1.797956705786420e-002	-2.374941e-001	-4.814246e+000	5.095000e+000
1.799909830786420e-002	-1.049668e-002	-5.040118e+000	5.095000e+000
1.801862955786420e-002	2.166587e-001	-5.266154e+000	5.095000e+000
1.803816080786420e-002	4.405553e-001	-5.488956e+000	5.095000e+000
1.805769205786420e-002	6.578255e-001	-5.705173e+000	5.095000e+000
1.807722330786420e-002	8.652015e-001	-5.911552e+000	5.095000e+000
1.809675455786420e-002	1.059564e+000	-6.104990e+000	5.095000e+000
1.811628580786420e-002	1.237990e+000	-6.282576e+000	5.095000e+000
1.813581705786420e-002	1.397795e+000	-6.441640e+000	5.095000e+000
1.815534830786419e-002	1.536576e+000	-6.579789e+000	5.095000e+000
1.817487955786419e-002	1.652245e+000	-6.694945e+000	5.095000e+000
1.819441080786419e-002	1.743064e+000	-6.785378e+000	5.095000e+000
1.821394205786419e-002	1.807665e+000	-6.849724e+000	5.095000e+000
1.823347330786419e-002	1.846022e+000	-6.887959e+000	5.095000e+000
1.825036101511675e-002	1.857343e+000	-6.899283e+000	5.095000e+000
1.826558784740995e-002	1.847715e+000	-6.889756e+000	5.095000e+000
1.828511909740995e-002	1.810086e+000	-6.852379e+000	5.095000e+000
1.830465034740995e-002	1.746769e+000	-6.789441e+000	5.095000e+000
1.832418159740995e-002	1.657180e+000	-6.700357e+000	5.095000e+000
1.834371284740995e-002	1.542666e+000	-6.586468e+000	5.095000e+000
1.836324409740995e-002	1.404948e+000	-6.449484e+000	5.095000e+000
1.838277534740995e-002	1.246099e+000	-6.291469e+000	5.095000e+000
1.840230659740995e-002	1.068507e+000	-6.114797e+000	5.095000e+000
1.842183784740995e-002	8.748436e-001	-5.922126e+000	5.095000e+000
1.844136909740995e-002	6.680219e-001	-5.716354e+000	5.095000e+000
1.846090034740995e-002	4.511526e-001	-5.500577e+000	5.095000e+000
1.848043159740995e-002	2.274975e-001	-5.278040e+000	5.095000e+000
1.851949409740995e-002	-2.266626e-001	-4.826124e+000	5.095000e+000
1.853902534740995e-002	-4.503366e-001	-4.603543e+000	5.095000e+000
1.855855659740995e-002	-6.672370e-001	-4.387693e+000	5.095000e+000
1.857808784740994e-002	-8.741016e-001	-4.181823e+000	5.095000e+000
1.859761909740994e-002	-1.067819e+000	-3.989027e+000	5.095000e+000
1.861715034740994e-002	-1.245475e+000	-3.812206e+000	5.095000e+000
1.863668159740994e-002	-1.404398e+000	-3.654019e+000	5.095000e+000
1.865621284740994e-002	-1.542198e+000	-3.516847e+000	5.095000e+000
1.867574409740994e-002	-1.656802e+000	-3.402750e+000	5.095000e+000
1.869527534740994e-002	-1.746486e+000	-3.313447e+000	5.095000e+000
1.871480659740994e-002	-1.809901e+000	-3.250281e+000	5.095000e+000
1.873433784740994e-002	-1.846844e+000	-3.213452e+000	5.095000e+000
1.875176863356545e-002	-1.856797e+000	-3.203488e+000	5.095000e+000
1.876787987593693e-002	-1.844593e+000	-3.215576e+000	5.095000e+000
1.878741112593693e-002	-1.804050e+000	-3.255852e+000	5.095000e+000
1.880694237593693e-002	-1.737594e+000	-3.321915e+000	5.095000e+000
1.882647362593693e-002	-1.645002e+000	-3.413987e+000	5.095000e+000
1.884600487593693e-002	-1.527668e+000	-3.530683e+000	5.095000e+000
1.886553612593693e-002	-1.387357e+000	-3.670247e+000	5.095000e+000
1.888506737593693e-002	-1.226179e+000	-3.830581e+000	5.095000e+000
1.890459862593693e-002	-1.046558e+000	-4.009273e+000	5.095000e+000
1.892412987593693e-002	-8.511951e-001	-4.203635e+000	5.095000e+000
1.894366112593693e-002	-6.430299e-001	-4.410745e+000	5.095000e+000
1.896319237593693e-002	-4.251928e-001	-4.627485e+000	5.095000e+000
1.898272362593693e-002	-2.009605e-001	-4.850598e+000	5.095000e+000
1.900225487593693e-002	2.629450e-002	-5.076727e+000	5.095000e+000
1.902178612593693e-002	2.531540e-001	-5.302470e+000	5.095000e+000
1.904131737593693e-002	4.762058e-001	-5.524433e+000	5.095000e+000
1.906084862593693e-002	6.920950e-001	-5.739277e+000	5.095000e+000
1.908037987593693e-002	8.975745e-001	-5.943770e+000	5.095000e+000
1.909991112593693e-002	1.089554e+000	-6.134838e+000	5.095000e+000
1.911944237593692e-002	1.265145e+000	-6.309604e+000	5.095000e+000
1.913897362593692e-002	1.421707e+000	-6.465442e+000	5.095000e+000
1.915850487593692e-002	1.556886e+000	-6.600008e+000	5.095000e+000
1.917803612593692e-002	1.668647e+000	-6.711276e+000	5.095000e+000
1.919756737593692e-002	1.755311e+000	-6.797574e+000	5.095000e+000
1.921709862593692e-002	1.815573e+000	-6.857604e+000	5.095000e+000
1.923662987593692e-002	1.848527e+000	-6.890462e+000	5.095000e+000
1.925616112593692e-002	1.853914e+000	-6.895891e+000	5.095000e+000
1.927503130873445e-002	1.832405e+000	-6.874554e+000	5.095000e+000
1.929456255873445e-002	1.782822e+000	-6.825282e+000	5.095000e+000
1.931409380873445e-002	1.706659e+000	-6.749560e+000	5.095000e+000
1.933362505873445e-002	1.604826e+000	-6.648291e+000	5.095000e+000
1.935315630873444e-002	1.478856e+000	-6.523000e+000	5.095000e+000
1.937268755873444e-002	1.330642e+000	-6.375569e+000	5.095000e+000
1.939221880873444e-002	1.162414e+000	-6.208219e+000	5.095000e+000
1.941175005873444e-002	9.767017e-001	-6.023463e+000	5.095000e+000
1.943128130873444e-002	7.762992e-001	-5.824083e+000	5.095000e+000
1.945081255873444e-002	5.642206e-001	-5.613077e+000	5.095000e+000
1.947034380873444e-002	3.436556e-001	-5.393619e+000	5.095000e+000
1.948987505873444e-002	1.179216e-001	-5.169008e+000	5.095000e+000
1.950940630873444e-002	-1.095860e-001	-4.942625e+000	5.095000e+000
1.952893755873444e-002	-3.354453e-001	-4.717874e+000	5.095000e+000
1.954846880873444e-002	-5.562593e-001	-4.498134e+000	5.095000e+000
1.956800005873444e-002	-7.687065e-001	-4.286713e+000	5.095000e+000
1.958753130873444e-002	-9.695917e-001	-4.086788e+000	5.095000e+000
1.960706255873444e-002	-1.155893e+000	-3.901368e+000	5.095000e+000
1.962659380873444e-002	-1.324809e+000	-3.733241e+000	5.095000e+000
1.964612505873444e-002	-1.473799e+000	-3.584937e+000	5.095000e+000
1.966565630873444e-002	-1.600621e+000	-3.458685e+000	5.095000e+000
1.968518755873444e-002	-1.703368e+000	-3.356384e+000	5.095000e+000
1.970471880873444e-002	-1.780496e+000	-3.279574e+000	5.095000e+000
1.972425005873444e-002	-1.830842e+000	-3.229410e+000	5.095000e+000
1.974378130873444e-002	-1.853876e+000	-3.206423e+000	5.095000e+000
1.976268763354278e-002	-1.849398e+000	-3.210813e+000	5.095000e+000
1.978221888354277e-002	-1.817183e+000	-3.242802e+000	5.095000e+000
1.980175013354277e-002	-1.757859e+000	-3.301767e+000	5.095000e+000
1.982128138354277e-002	-1.672096e+000	-3.387043e+000	5.095000e+000
1.984081263354277e-002	-1.561182e+000	-3.497350e+000	5.095000e+000
1.986034388354277e-002	-1.426787e+000	-3.631026e+000	5.095000e+000
1.987987513354277e-002	-1.270932e+000	-3.786061e+000	5.095000e+000
1.989940638354277e-002	-1.095960e+000	-3.960124e+000	5.095000e+000
1.991893763354277e-002	-9.045050e-001	-4.150597e+000	5.095000e+000
1.993846888354277e-002	-6.994448e-001	-4.354615e+000	5.095000e+000
1.995800013354277e-002	-4.838643e-001	-4.569108e+000	5.095000e+000
1.997753138354277e-002	-2.610061e-001	-4.790852e+000	5.095000e+000
1.999706263354277e-002	-3.429521e-002	-5.016436e+000	5.095000e+000
2.000000000000000e-002	1.316376e-005	-5.050575e+000	5.095000e+000
