time	V(vin)	V(vout)	V(n001)
0.000000000000000e+000	3.430275e-007	-4.956935e+000	5.000000e+000
1.428571445265854e-008	1.704591e-004	-4.956975e+000	5.000000e+000
2.857142890531708e-008	3.400944e-004	-4.957036e+000	5.000000e+000
4.285714335797562e-008	5.092491e-004	-4.957117e+000	5.000000e+000
5.714285781063416e-008	6.779230e-004	-4.957218e+000	5.000000e+000
7.142857226329269e-008	8.461163e-004	-4.957340e+000	5.000000e+000
8.571428671595124e-008	1.013829e-003	-4.957482e+000	5.000000e+000
1.000000011686097e-007	1.181061e-003	-4.957644e+000	5.000000e+000
2.000000023372195e-007	2.352701e-003	-4.958738e+000	5.000000e+000
3.828571473312489e-006	4.484299e-002	-5.001008e+000	5.000000e+000
7.457142944287758e-006	8.722149e-002	-5.043169e+000	5.000000e+000
1.108571441526303e-005	1.294882e-001	-5.085222e+000	5.000000e+000
1.471428588623830e-005	1.716431e-001	-5.127167e+000	5.000000e+000
1.834285735721357e-005	2.136862e-001	-5.169005e+000	5.000000e+000
2.197142882818883e-005	2.556176e-001	-5.210734e+000	5.000000e+000
2.560000029916409e-005	2.974371e-001	-5.252355e+000	5.000000e+000
4.513125029916410e-005	5.190288e-001	-5.472867e+000	5.000000e+000
6.466250029916410e-005	7.331362e-001	-5.685939e+000	5.000000e+000
8.419375029916411e-005	9.362166e-001	-5.888047e+000	5.000000e+000
1.037250002991641e-004	1.125215e+000	-6.076149e+000	5.000000e+000
1.232562502991641e-004	1.297290e+000	-6.247418e+000	5.000000e+000
1.427875002991641e-004	1.449852e+000	-6.399277e+000	5.000000e+000
1.623187502991641e-004	1.580607e+000	-6.529441e+000	5.000000e+000
1.818500002991641e-004	1.687588e+000	-6.635954e+000	5.000000e+000
2.013812502991641e-004	1.769186e+000	-6.717212e+000	5.000000e+000
2.209125002991641e-004	1.824175e+000	-6.771995e+000	5.000000e+000
2.404437502991640e-004	1.851725e+000	-6.799477e+000	5.000000e+000
2.599750002991640e-004	1.851425e+000	-6.799245e+000	5.000000e+000
2.795062502991641e-004	1.823277e+000	-6.771304e+000	5.000000e+000
2.990375002991641e-004	1.767705e+000	-6.716073e+000	5.000000e+000
3.185687502991641e-004	1.685545e+000	-6.634383e+000	5.000000e+000
3.381000002991641e-004	1.578033e+000	-6.527462e+000	5.000000e+000
3.576312502991641e-004	1.446786e+000	-6.396919e+000	5.000000e+000
3.771625002991641e-004	1.293778e+000	-6.244718e+000	5.000000e+000
3.966937502991642e-004	1.121311e+000	-6.073146e+000	5.000000e+000
4.162250002991642e-004	9.319776e-001	-5.884787e+000	5.000000e+000
4.357562502991642e-004	7.286267e-001	-5.682471e+000	5.000000e+000
4.552875002991642e-004	5.143165e-001	-5.469242e+000	5.000000e+000
4.748187502991642e-004	2.922706e-001	-5.248308e+000	5.000000e+000
4.943500002991642e-004	6.582861e-002	-5.022992e+000	5.000000e+000
5.138812502991642e-004	-1.616035e-001	-4.796681e+000	5.000000e+000
5.334125002991642e-004	-3.866049e-001	-4.572782e+000	5.000000e+000
5.529437502991642e-004	-6.057914e-001	-4.354661e+000	5.000000e+000
5.724750002991643e-004	-8.158662e-001	-4.145597e+000	5.000000e+000
5.920062502991643e-004	-1.013670e+000	-3.948738e+000	5.000000e+000
6.115375002991643e-004	-1.196227e+000	-3.767043e+000	5.000000e+000
6.310687502991643e-004	-1.360791e+000	-3.603244e+000	5.000000e+000
6.506000002991643e-004	-1.504888e+000	-3.459807e+000	5.000000e+000
6.701312502991643e-004	-1.626350e+000	-3.338887e+000	5.000000e+000
6.896625002991644e-004	-1.723350e+000	-3.242305e+000	5.000000e+000
7.091937502991644e-004	-1.794430e+000	-3.171512e+000	5.000000e+000
7.287250002991644e-004	-1.839744e+000	-3.126355e+000	5.000000e+000
7.448206086292526e-004	-1.855691e+000	-3.110431e+000	5.000000e+000
7.630743418223780e-004	-1.849267e+000	-3.116760e+000	5.000000e+000
7.826055918223780e-004	-1.816271e+000	-3.149526e+000	5.000000e+000
8.021368418223780e-004	-1.756414e+000	-3.209022e+000	5.000000e+000
8.216680918223781e-004	-1.670139e+000	-3.294808e+000	5.000000e+000
8.411993418223781e-004	-1.558743e+000	-3.405594e+000	5.000000e+000
8.607305918223781e-004	-1.423902e+000	-3.539713e+000	5.000000e+000
8.802618418223781e-004	-1.267645e+000	-3.695149e+000	5.000000e+000
8.997930918223781e-004	-1.092321e+000	-3.869564e+000	5.000000e+000
9.193243418223781e-004	-9.005671e-001	-4.060333e+000	5.000000e+000
9.388555918223782e-004	-6.952681e-001	-4.264589e+000	5.000000e+000
9.583868418223782e-004	-4.795116e-001	-4.479258e+000	5.000000e+000
9.779180918223782e-004	-2.565428e-001	-4.701111e+000	5.000000e+000
9.974493418223782e-004	-2.971538e-002	-4.926812e+000	5.000000e+000
1.016980591822378e-003	1.975590e-001	-5.152966e+000	5.000000e+000
1.036511841822378e-003	4.218619e-001	-5.376173e+000	5.000000e+000
1.056043091822378e-003	6.398197e-001	-5.593072e+000	5.000000e+000
1.075574341822378e-003	8.481539e-001	-5.800405e+000	5.000000e+000
1.095105591822378e-003	1.043731e+000	-5.995050e+000	5.000000e+000
1.114636841822378e-003	1.223610e+000	-6.174081e+000	5.000000e+000
1.134168091822378e-003	1.385084e+000	-6.334805e+000	5.000000e+000
1.153699341822378e-003	1.525725e+000	-6.474805e+000	5.000000e+000
1.173230591822378e-003	1.643418e+000	-6.591975e+000	5.000000e+000
1.192761841822378e-003	1.736393e+000	-6.684552e+000	5.000000e+000
1.212293091822378e-003	1.803250e+000	-6.751144e+000	5.000000e+000
1.231824341822378e-003	1.844300e+000	-6.792058e+000	5.000000e+000
1.247676074985977e-003	1.857080e+000	-6.804831e+000	5.000000e+000
1.264136188250303e-003	1.848853e+000	-6.796701e+000	5.000000e+000
1.283667438250303e-003	1.813714e+000	-6.761803e+000	5.000000e+000
1.303198688250303e-003	1.752393e+000	-6.700851e+000	5.000000e+000
1.322729938250303e-003	1.664715e+000	-6.613669e+000	5.000000e+000
1.342261188250303e-003	1.551999e+000	-6.501568e+000	5.000000e+000
1.361792438250303e-003	1.415938e+000	-6.366235e+000	5.000000e+000
1.381323688250303e-003	1.258581e+000	-6.209704e+000	5.000000e+000
1.400854938250303e-003	1.082294e+000	-6.034330e+000	5.000000e+000
1.420386188250303e-003	8.897275e-001	-5.842752e+000	5.000000e+000
1.439917438250303e-003	6.837789e-001	-5.637850e+000	5.000000e+000
1.459448688250303e-003	4.675457e-001	-5.422707e+000	5.000000e+000
1.478979938250303e-003	2.442802e-001	-5.200557e+000	5.000000e+000
1.498511188250303e-003	1.734048e-002	-4.974744e+000	5.000000e+000
1.518042438250303e-003	-2.098600e-001	-4.748662e+000	5.000000e+000
1.537573688250303e-003	-4.339041e-001	-4.525713e+000	5.000000e+000
1.557104938250303e-003	-6.514218e-001	-4.309250e+000	5.000000e+000
1.576636188250303e-003	-8.591415e-001	-4.102530e+000	5.000000e+000
1.596167438250303e-003	-1.053939e+000	-3.908659e+000	5.000000e+000
1.615698688250303e-003	-1.232884e+000	-3.730556e+000	5.000000e+000
1.635229938250303e-003	-1.393286e+000	-3.570899e+000	5.000000e+000
1.654761188250303e-003	-1.532731e+000	-3.432090e+000	5.000000e+000
1.674292438250303e-003	-1.649122e+000	-3.316215e+000	5.000000e+000
1.693823688250303e-003	-1.740709e+000	-3.225019e+000	5.000000e+000
1.713354938250303e-003	-1.806114e+000	-3.159871e+000	5.000000e+000
1.732886188250303e-003	-1.845431e+000	-3.120682e+000	5.000000e+000
1.749405051094904e-003	-1.857393e+000	-3.108722e+000	5.000000e+000
1.764778867646190e-003	-1.848561e+000	-3.117457e+000	5.000000e+000
1.784310117646190e-003	-1.812125e+000	-3.153645e+000	5.000000e+000
1.803841367646190e-003	-1.749921e+000	-3.215477e+000	5.000000e+000
1.823372617646190e-003	-1.661396e+000	-3.303502e+000	5.000000e+000
1.842903867646190e-003	-1.547882e+000	-3.416396e+000	5.000000e+000
1.862435117646190e-003	-1.411087e+000	-3.552461e+000	5.000000e+000
1.881966367646190e-003	-1.253067e+000	-3.709651e+000	5.000000e+000
1.901497617646190e-003	-1.076200e+000	-3.885601e+000	5.000000e+000
1.921028867646190e-003	-8.831464e-001	-4.077665e+000	5.000000e+000
1.940560117646190e-003	-6.768092e-001	-4.282954e+000	5.000000e+000
1.960091367646190e-003	-4.602922e-001	-4.498380e+000	5.000000e+000
1.979622617646190e-003	-2.368519e-001	-4.720704e+000	5.000000e+000
1.999153867646190e-003	-9.849105e-003	-4.946580e+000	5.000000e+000
2.018685117646190e-003	2.173018e-001	-5.172612e+000	5.000000e+000
2.038216367646190e-003	4.411843e-001	-5.395401e+000	5.000000e+000
2.057747617646190e-003	6.584310e-001	-5.611594e+000	5.000000e+000
2.077278867646190e-003	8.657743e-001	-5.817941e+000	5.000000e+000
2.096810117646190e-003	1.060095e+000	-6.011337e+000	5.000000e+000
2.116341367646190e-003	1.238472e+000	-6.188874e+000	5.000000e+000
2.135872617646190e-003	1.398221e+000	-6.347882e+000	5.000000e+000
2.155403867646190e-003	1.536939e+000	-6.485969e+000	5.000000e+000
2.174935117646190e-003	1.652540e+000	-6.601057e+000	5.000000e+000
2.194466367646190e-003	1.743285e+000	-6.691416e+000	5.000000e+000
2.213997617646190e-003	1.807810e+000	-6.755687e+000	5.000000e+000
2.233528867646190e-003	1.846076e+000	-6.793831e+000	5.000000e+000
2.250451477803203e-003	1.857313e+000	-6.805071e+000	5.000000e+000
2.265735149292713e-003	1.847526e+000	-6.795387e+000	5.000000e+000
2.285266399292713e-003	1.809709e+000	-6.757823e+000	5.000000e+000
2.304797649292713e-003	1.746191e+000	-6.694684e+000	5.000000e+000
2.324328899292713e-003	1.656408e+000	-6.605408e+000	5.000000e+000
2.343860149292713e-003	1.541712e+000	-6.491337e+000	5.000000e+000
2.363391399292713e-003	1.403826e+000	-6.354187e+000	5.000000e+000
2.382922649292713e-003	1.244826e+000	-6.196021e+000	5.000000e+000
2.402453899292713e-003	1.067103e+000	-6.019218e+000	5.000000e+000
2.421985149292713e-003	8.733292e-001	-5.826437e+000	5.000000e+000
2.441516399292713e-003	6.664199e-001	-5.620579e+000	5.000000e+000
2.461047649292713e-003	4.494870e-001	-5.404738e+000	5.000000e+000
2.480578899292713e-003	2.257934e-001	-5.182162e+000	5.000000e+000
2.519641399292714e-003	-2.283666e-001	-4.730247e+000	5.000000e+000
2.539172649292714e-003	-4.520019e-001	-4.507704e+000	5.000000e+000
2.558703899292714e-003	-6.688387e-001	-4.291918e+000	5.000000e+000
2.578235149292714e-003	-8.756157e-001	-4.086134e+000	5.000000e+000
2.597766399292714e-003	-1.069222e+000	-3.893448e+000	5.000000e+000
2.617297649292714e-003	-1.246747e+000	-3.716758e+000	5.000000e+000
2.636828899292714e-003	-1.405520e+000	-3.558722e+000	5.000000e+000
2.656360149292714e-003	-1.543152e+000	-3.421716e+000	5.000000e+000
2.675891399292714e-003	-1.657573e+000	-3.307801e+000	5.000000e+000
2.695422649292714e-003	-1.747064e+000	-3.218690e+000	5.000000e+000
2.714953899292714e-003	-1.810276e+000	-3.155725e+000	5.000000e+000
2.734485149292714e-003	-1.846979e+000	-3.119136e+000	5.000000e+000
2.752008459549084e-003	-1.856688e+000	-3.109414e+000	5.000000e+000
2.768270378407419e-003	-1.844024e+000	-3.121960e+000	5.000000e+000
2.787801628407419e-003	-1.802984e+000	-3.162729e+000	5.000000e+000
2.807332878407419e-003	-1.735994e+000	-3.229323e+000	5.000000e+000
2.826864128407419e-003	-1.642893e+000	-3.321902e+000	5.000000e+000
2.846395378407419e-003	-1.525082e+000	-3.439074e+000	5.000000e+000
2.865926628407419e-003	-1.384332e+000	-3.579075e+000	5.000000e+000
2.885457878407419e-003	-1.222760e+000	-3.739800e+000	5.000000e+000
2.904989128407419e-003	-1.042796e+000	-3.918833e+000	5.000000e+000
2.924520378407419e-003	-8.471484e-001	-4.113480e+000	5.000000e+000
2.944051628407420e-003	-6.387585e-001	-4.320812e+000	5.000000e+000
2.963582878407420e-003	-4.207611e-001	-4.537713e+000	5.000000e+000
2.983114128407420e-003	-1.964351e-001	-4.760920e+000	5.000000e+000
3.002645378407420e-003	3.084554e-002	-4.987074e+000	5.000000e+000
3.022176628407420e-003	2.576622e-001	-5.212775e+000	5.000000e+000
3.041707878407420e-003	4.806034e-001	-5.434628e+000	5.000000e+000
3.061239128407420e-003	6.963159e-001	-5.649296e+000	5.000000e+000
3.080770378407420e-003	9.015552e-001	-5.853551e+000	5.000000e+000
3.100301628407420e-003	1.093234e+000	-6.044319e+000	5.000000e+000
3.119832878407420e-003	1.268470e+000	-6.218732e+000	5.000000e+000
3.139364128407420e-003	1.424627e+000	-6.374166e+000	5.000000e+000
3.158895378407420e-003	1.559356e+000	-6.508285e+000	5.000000e+000
3.178426628407420e-003	1.670631e+000	-6.619069e+000	5.000000e+000
3.197957878407420e-003	1.756778e+000	-6.704854e+000	5.000000e+000
3.217489128407420e-003	1.816501e+000	-6.764348e+000	5.000000e+000
3.237020378407420e-003	1.848903e+000	-6.796657e+000	5.000000e+000
3.256551628407420e-003	1.853644e+000	-6.801442e+000	5.000000e+000
3.275666975425134e-003	1.831142e+000	-6.779118e+000	5.000000e+000
3.295198225425134e-003	1.780760e+000	-6.729051e+000	5.000000e+000
3.314729475425134e-003	1.703742e+000	-6.652477e+000	5.000000e+000
3.334260725425134e-003	1.601097e+000	-6.550401e+000	5.000000e+000
3.353791975425134e-003	1.474371e+000	-6.424357e+000	5.000000e+000
3.373323225425134e-003	1.325469e+000	-6.276242e+000	5.000000e+000
3.392854475425134e-003	1.156630e+000	-6.108283e+000	5.000000e+000
3.412385725425134e-003	9.703948e-001	-5.923007e+000	5.000000e+000
3.431916975425134e-003	7.695639e-001	-5.723200e+000	5.000000e+000
3.451448225425134e-003	5.571580e-001	-5.511868e+000	5.000000e+000
3.470979475425134e-003	3.363719e-001	-5.292190e+000	5.000000e+000
3.490510725425134e-003	1.105265e-001	-5.067468e+000	5.000000e+000
3.510041975425134e-003	-1.169814e-001	-4.841084e+000	5.000000e+000
3.529573225425134e-003	-3.427297e-001	-4.616443e+000	5.000000e+000
3.549104475425134e-003	-5.633230e-001	-4.396923e+000	5.000000e+000
3.568635725425134e-003	-7.754434e-001	-4.185826e+000	5.000000e+000
3.588166975425134e-003	-9.759005e-001	-3.986328e+000	5.000000e+000
3.607698225425134e-003	-1.161679e+000	-3.801428e+000	5.000000e+000
3.627229475425134e-003	-1.329985e+000	-3.633908e+000	5.000000e+000
3.646760725425134e-003	-1.478287e+000	-3.486288e+000	5.000000e+000
3.666291975425134e-003	-1.604353e+000	-3.360787e+000	5.000000e+000
3.685823225425134e-003	-1.706289e+000	-3.259294e+000	5.000000e+000
3.705354475425134e-003	-1.782561e+000	-3.183335e+000	5.000000e+000
3.724885725425134e-003	-1.832021e+000	-3.134053e+000	5.000000e+000
3.744416975425134e-003	-1.854293e+000	-3.111824e+000	5.000000e+000
3.762924173823277e-003	-1.849320e+000	-3.116708e+000	5.000000e+000
3.782455423823277e-003	-1.816627e+000	-3.149173e+000	5.000000e+000
3.801986673823277e-003	-1.756976e+000	-3.208462e+000	5.000000e+000
3.821517923823277e-003	-1.670900e+000	-3.294051e+000	5.000000e+000
3.841049173823277e-003	-1.559691e+000	-3.404651e+000	5.000000e+000
3.860580423823277e-003	-1.425024e+000	-3.538598e+000	5.000000e+000
3.880111673823277e-003	-1.268922e+000	-3.693879e+000	5.000000e+000
3.899642923823277e-003	-1.093735e+000	-3.868157e+000	5.000000e+000
3.919174173823277e-003	-9.020969e-001	-4.058811e+000	5.000000e+000
3.938705423823277e-003	-6.968905e-001	-4.262974e+000	5.000000e+000
3.958236673823276e-003	-4.812022e-001	-4.477575e+000	5.000000e+000
3.977767923823276e-003	-2.582762e-001	-4.699386e+000	5.000000e+000
3.997299173823275e-003	-3.146546e-002	-4.925071e+000	5.000000e+000
4.016830423823275e-003	1.958186e-001	-5.151235e+000	5.000000e+000
4.036361673823275e-003	4.201573e-001	-5.374476e+000	5.000000e+000
4.055892923823274e-003	6.381764e-001	-5.591437e+000	5.000000e+000
4.075424173823274e-003	8.465968e-001	-5.798855e+000	5.000000e+000
4.094955423823273e-003	1.042284e+000	-5.993609e+000	5.000000e+000
4.114486673823273e-003	1.222294e+000	-6.172771e+000	5.000000e+000
4.134017923823273e-003	1.383919e+000	-6.333646e+000	5.000000e+000
4.153549173823272e-003	1.524729e+000	-6.473814e+000	5.000000e+000
4.173080423823272e-003	1.642606e+000	-6.591166e+000	5.000000e+000
4.192611673823271e-003	1.735776e+000	-6.683938e+000	5.000000e+000
4.212142923823271e-003	1.802839e+000	-6.750734e+000	5.000000e+000
4.231674173823270e-003	1.844133e+000	-6.791892e+000	5.000000e+000
4.247431556707668e-003	1.857021e+000	-6.804770e+000	5.000000e+000
4.264045287175838e-003	1.848892e+000	-6.796739e+000	5.000000e+000
4.283576537175838e-003	1.813936e+000	-6.762023e+000	5.000000e+000
4.303107787175837e-003	1.752741e+000	-6.701196e+000	5.000000e+000
4.322639037175837e-003	1.665183e+000	-6.614133e+000	5.000000e+000
4.342170287175836e-003	1.552579e+000	-6.502145e+000	5.000000e+000
4.361701537175836e-003	1.416623e+000	-6.366915e+000	5.000000e+000
4.381232787175836e-003	1.259359e+000	-6.210478e+000	5.000000e+000
4.400764037175835e-003	1.083154e+000	-6.035187e+000	5.000000e+000
4.420295287175835e-003	8.906570e-001	-5.843677e+000	5.000000e+000
4.439826537175834e-003	6.847637e-001	-5.638830e+000	5.000000e+000
4.459357787175834e-003	4.685709e-001	-5.423727e+000	5.000000e+000
4.478889037175833e-003	2.453305e-001	-5.201602e+000	5.000000e+000
4.498420287175833e-003	1.839996e-002	-4.975798e+000	5.000000e+000
4.517951537175833e-003	-2.088073e-001	-4.749710e+000	5.000000e+000
4.537482787175832e-003	-4.328739e-001	-4.526738e+000	5.000000e+000
4.557014037175832e-003	-6.504296e-001	-4.310238e+000	5.000000e+000
4.576545287175831e-003	-8.582023e-001	-4.103464e+000	5.000000e+000
4.596076537175831e-003	-1.053067e+000	-3.909528e+000	5.000000e+000
4.615607787175831e-003	-1.232092e+000	-3.731345e+000	5.000000e+000
4.635139037175830e-003	-1.392586e+000	-3.571596e+000	5.000000e+000
4.654670287175830e-003	-1.532134e+000	-3.432684e+000	5.000000e+000
4.674201537175829e-003	-1.648637e+000	-3.316699e+000	5.000000e+000
4.693732787175829e-003	-1.740343e+000	-3.225383e+000	5.000000e+000
4.713264037175828e-003	-1.805872e+000	-3.160112e+000	5.000000e+000
4.732795287175828e-003	-1.845337e+000	-3.120776e+000	5.000000e+000
4.749257041534661e-003	-1.857373e+000	-3.108742e+000	5.000000e+000
4.764723854410551e-003	-1.848587e+000	-3.117431e+000	5.000000e+000
4.784255104410551e-003	-1.812262e+000	-3.153509e+000	5.000000e+000
4.803786354410550e-003	-1.750134e+000	-3.215266e+000	5.000000e+000
4.823317604410550e-003	-1.661681e+000	-3.303218e+000	5.000000e+000
4.842848854410550e-003	-1.548235e+000	-3.416044e+000	5.000000e+000
4.862380104410549e-003	-1.411503e+000	-3.552047e+000	5.000000e+000
4.881911354410549e-003	-1.253540e+000	-3.709181e+000	5.000000e+000
4.901442604410548e-003	-1.076723e+000	-3.885082e+000	5.000000e+000
4.920973854410548e-003	-8.837103e-001	-4.077104e+000	5.000000e+000
4.940505104410548e-003	-6.774062e-001	-4.282360e+000	5.000000e+000
4.960036354410547e-003	-4.609133e-001	-4.497762e+000	5.000000e+000
4.979567604410547e-003	-2.374878e-001	-4.720071e+000	5.000000e+000
4.999098854410546e-003	-1.049032e-002	-4.945942e+000	5.000000e+000
5.018630104410546e-003	2.166650e-001	-5.171979e+000	5.000000e+000
5.038161354410545e-003	4.405614e-001	-5.394781e+000	5.000000e+000
5.057692604410545e-003	6.578314e-001	-5.610997e+000	5.000000e+000
5.077223854410545e-003	8.652071e-001	-5.817376e+000	5.000000e+000
5.096755104410544e-003	1.059569e+000	-6.010813e+000	5.000000e+000
5.116286354410544e-003	1.237994e+000	-6.188399e+000	5.000000e+000
5.135817604410543e-003	1.397799e+000	-6.347462e+000	5.000000e+000
5.155348854410543e-003	1.536579e+000	-6.485611e+000	5.000000e+000
5.174880104410543e-003	1.652248e+000	-6.600767e+000	5.000000e+000
5.194411354410542e-003	1.743066e+000	-6.691197e+000	5.000000e+000
5.213942604410542e-003	1.807666e+000	-6.755544e+000	5.000000e+000
5.233473854410541e-003	1.846022e+000	-6.793777e+000	5.000000e+000
5.250361905007093e-003	1.857342e+000	-6.805101e+000	5.000000e+000
5.265589296433447e-003	1.847714e+000	-6.795572e+000	5.000000e+000
5.285120546433446e-003	1.810082e+000	-6.758193e+000	5.000000e+000
5.304651796433446e-003	1.746764e+000	-6.695254e+000	5.000000e+000
5.324183046433445e-003	1.657173e+000	-6.606168e+000	5.000000e+000
5.343714296433445e-003	1.542656e+000	-6.492276e+000	5.000000e+000
5.363245546433445e-003	1.404937e+000	-6.355292e+000	5.000000e+000
5.382776796433444e-003	1.246086e+000	-6.197274e+000	5.000000e+000
5.402308046433444e-003	1.068493e+000	-6.020601e+000	5.000000e+000
5.421839296433443e-003	8.748287e-001	-5.827929e+000	5.000000e+000
5.441370546433443e-003	6.680062e-001	-5.622157e+000	5.000000e+000
5.460901796433442e-003	4.511362e-001	-5.406379e+000	5.000000e+000
5.480433046433442e-003	2.274807e-001	-5.183841e+000	5.000000e+000
5.519495546433441e-003	-2.266794e-001	-4.731925e+000	5.000000e+000
5.539026796433441e-003	-4.503530e-001	-4.509345e+000	5.000000e+000
5.558558046433440e-003	-6.672528e-001	-4.293496e+000	5.000000e+000
5.578089296433440e-003	-8.741165e-001	-4.087626e+000	5.000000e+000
5.597620546433440e-003	-1.067833e+000	-3.894831e+000	5.000000e+000
5.617151796433439e-003	-1.245488e+000	-3.718012e+000	5.000000e+000
5.636683046433439e-003	-1.404410e+000	-3.559827e+000	5.000000e+000
5.656214296433438e-003	-1.542208e+000	-3.422656e+000	5.000000e+000
5.675745546433438e-003	-1.656809e+000	-3.308561e+000	5.000000e+000
5.695276796433437e-003	-1.746491e+000	-3.219260e+000	5.000000e+000
5.714808046433437e-003	-1.809904e+000	-3.156095e+000	5.000000e+000
5.734339296433437e-003	-1.846846e+000	-3.119269e+000	5.000000e+000
5.751770992768144e-003	-1.856797e+000	-3.109307e+000	5.000000e+000
5.767883717378744e-003	-1.844588e+000	-3.121399e+000	5.000000e+000
5.787414967378743e-003	-1.804039e+000	-3.161681e+000	5.000000e+000
5.806946217378743e-003	-1.737578e+000	-3.227749e+000	5.000000e+000
5.826477467378743e-003	-1.644982e+000	-3.319826e+000	5.000000e+000
5.846008717378742e-003	-1.527643e+000	-3.436526e+000	5.000000e+000
5.865539967378742e-003	-1.387328e+000	-3.576095e+000	5.000000e+000
5.885071217378741e-003	-1.226145e+000	-3.736433e+000	5.000000e+000
5.904602467378741e-003	-1.046521e+000	-3.915128e+000	5.000000e+000
5.924133717378740e-003	-8.511553e-001	-4.109493e+000	5.000000e+000
5.943664967378740e-003	-6.429878e-001	-4.316605e+000	5.000000e+000
5.963196217378740e-003	-4.251492e-001	-4.533347e+000	5.000000e+000
5.982727467378739e-003	-2.009160e-001	-4.756461e+000	5.000000e+000
6.002258717378739e-003	2.633926e-002	-4.982590e+000	5.000000e+000
6.021789967378738e-003	2.531983e-001	-5.208333e+000	5.000000e+000
6.041321217378738e-003	4.762491e-001	-5.430295e+000	5.000000e+000
6.060852467378738e-003	6.921366e-001	-5.645137e+000	5.000000e+000
6.080383717378737e-003	8.976137e-001	-5.849628e+000	5.000000e+000
6.099914967378737e-003	1.089590e+000	-6.040692e+000	5.000000e+000
6.119446217378736e-003	1.265178e+000	-6.215455e+000	5.000000e+000
6.138977467378736e-003	1.421736e+000	-6.371289e+000	5.000000e+000
6.158508717378735e-003	1.556910e+000	-6.505850e+000	5.000000e+000
6.178039967378735e-003	1.668667e+000	-6.617114e+000	5.000000e+000
6.197571217378735e-003	1.755325e+000	-6.703407e+000	5.000000e+000
6.217102467378734e-003	1.815582e+000	-6.763432e+000	5.000000e+000
6.236633717378734e-003	1.848531e+000	-6.796285e+000	5.000000e+000
6.256164967378733e-003	1.853911e+000	-6.801706e+000	5.000000e+000
6.275037562015908e-003	1.832392e+000	-6.780360e+000	5.000000e+000
6.294568812015907e-003	1.782802e+000	-6.731081e+000	5.000000e+000
6.314100062015907e-003	1.706630e+000	-6.655350e+000	5.000000e+000
6.333631312015906e-003	1.604790e+000	-6.554073e+000	5.000000e+000
6.353162562015906e-003	1.478812e+000	-6.428774e+000	5.000000e+000
6.372693812015906e-003	1.330591e+000	-6.281337e+000	5.000000e+000
6.392225062015905e-003	1.162357e+000	-6.113980e+000	5.000000e+000
6.411756312015905e-003	9.766397e-001	-5.929220e+000	5.000000e+000
6.431287562015904e-003	7.762331e-001	-5.729836e+000	5.000000e+000
6.450818812015904e-003	5.641512e-001	-5.518826e+000	5.000000e+000
6.470350062015903e-003	3.435839e-001	-5.299366e+000	5.000000e+000
6.489881312015903e-003	1.178488e-001	-5.074754e+000	5.000000e+000
6.509412562015903e-003	-1.096588e-001	-4.848371e+000	5.000000e+000
6.528943812015902e-003	-3.355170e-001	-4.623621e+000	5.000000e+000
6.548475062015902e-003	-5.563288e-001	-4.403883e+000	5.000000e+000
6.568006312015901e-003	-7.687728e-001	-4.192465e+000	5.000000e+000
6.587537562015901e-003	-9.696538e-001	-3.992545e+000	5.000000e+000
6.607068812015901e-003	-1.155950e+000	-3.807130e+000	5.000000e+000
6.626600062015900e-003	-1.324860e+000	-3.639009e+000	5.000000e+000
6.646131312015900e-003	-1.473843e+000	-3.490711e+000	5.000000e+000
6.665662562015899e-003	-1.600658e+000	-3.364466e+000	5.000000e+000
6.685193812015899e-003	-1.703397e+000	-3.262174e+000	5.000000e+000
6.704725062015898e-003	-1.780516e+000	-3.185372e+000	5.000000e+000
6.724256312015898e-003	-1.830854e+000	-3.135217e+000	5.000000e+000
6.743787562015898e-003	-1.853880e+000	-3.112237e+000	5.000000e+000
6.762689960767491e-003	-1.849398e+000	-3.116632e+000	5.000000e+000
6.782221210767491e-003	-1.817177e+000	-3.148625e+000	5.000000e+000
6.801752460767491e-003	-1.757851e+000	-3.207593e+000	5.000000e+000
6.821283710767490e-003	-1.672084e+000	-3.292873e+000	5.000000e+000
6.840814960767490e-003	-1.561168e+000	-3.403182e+000	5.000000e+000
6.860346210767489e-003	-1.426770e+000	-3.536861e+000	5.000000e+000
6.879877460767489e-003	-1.270912e+000	-3.691899e+000	5.000000e+000
6.899408710767488e-003	-1.095939e+000	-3.865965e+000	5.000000e+000
6.918939960767488e-003	-9.044813e-001	-4.056439e+000	5.000000e+000
6.938471210767488e-003	-6.994197e-001	-4.260458e+000	5.000000e+000
6.958002460767487e-003	-4.838382e-001	-4.474953e+000	5.000000e+000
6.977533710767487e-003	-2.609792e-001	-4.696697e+000	5.000000e+000
6.997064960767486e-003	-3.419495e-002	-4.922355e+000	5.000000e+000
7.016596210767486e-003	1.931037e-001	-5.148533e+000	5.000000e+000
7.036127460767486e-003	4.174978e-001	-5.371830e+000	5.000000e+000
7.055658710767485e-003	6.356124e-001	-5.588886e+000	5.000000e+000
7.075189960767485e-003	8.441669e-001	-5.796437e+000	5.000000e+000
7.094721210767484e-003	1.040024e+000	-5.991361e+000	5.000000e+000
7.114252460767484e-003	1.220239e+000	-6.170726e+000	5.000000e+000
7.133783710767483e-003	1.382100e+000	-6.331835e+000	5.000000e+000
7.153314960767483e-003	1.523172e+000	-6.472264e+000	5.000000e+000
7.172846210767483e-003	1.641335e+000	-6.589901e+000	5.000000e+000
7.192377460767482e-003	1.734811e+000	-6.682977e+000	5.000000e+000
7.211908710767482e-003	1.802194e+000	-6.750092e+000	5.000000e+000
7.231439960767481e-003	1.843870e+000	-6.791629e+000	5.000000e+000
7.247050186702637e-003	1.856920e+000	-6.804668e+000	5.000000e+000
7.263903502947533e-003	1.848951e+000	-6.796798e+000	5.000000e+000
7.283434752947533e-003	1.814281e+000	-6.762367e+000	5.000000e+000
7.302966002947532e-003	1.753281e+000	-6.701734e+000	5.000000e+000
7.322497252947532e-003	1.665910e+000	-6.614857e+000	5.000000e+000
7.342028502947531e-003	1.553483e+000	-6.503044e+000	5.000000e+000
7.361559752947531e-003	1.417689e+000	-6.367976e+000	5.000000e+000
7.381091002947531e-003	1.260572e+000	-6.211685e+000	5.000000e+000
7.400622252947530e-003	1.084495e+000	-6.036521e+000	5.000000e+000
7.420153502947530e-003	8.921063e-001	-5.845119e+000	5.000000e+000
7.439684752947529e-003	6.862993e-001	-5.640358e+000	5.000000e+000
7.459216002947529e-003	4.701698e-001	-5.425317e+000	5.000000e+000
7.478747252947528e-003	2.469684e-001	-5.203232e+000	5.000000e+000
7.498278502947528e-003	2.005246e-002	-4.977442e+000	5.000000e+000
7.517809752947528e-003	-2.071651e-001	-4.751344e+000	5.000000e+000
7.537341002947527e-003	-4.312667e-001	-4.528338e+000	5.000000e+000
7.556872252947527e-003	-6.488817e-001	-4.311779e+000	5.000000e+000
7.576403502947526e-003	-8.567368e-001	-4.104923e+000	5.000000e+000
7.595934752947526e-003	-1.051706e+000	-3.910882e+000	5.000000e+000
7.615466002947526e-003	-1.230856e+000	-3.732575e+000	5.000000e+000
7.634997252947525e-003	-1.391493e+000	-3.572683e+000	5.000000e+000
7.654528502947525e-003	-1.531201e+000	-3.433612e+000	5.000000e+000
7.674059752947524e-003	-1.647878e+000	-3.317453e+000	5.000000e+000
7.693591002947524e-003	-1.739770e+000	-3.225954e+000	5.000000e+000
7.713122252947523e-003	-1.805494e+000	-3.160490e+000	5.000000e+000
7.732653502947523e-003	-1.845190e+000	-3.120923e+000	5.000000e+000
7.749026180598178e-003	-1.857341e+000	-3.108775e+000	5.000000e+000
7.764638045556031e-003	-1.848627e+000	-3.117391e+000	5.000000e+000
7.784169295556031e-003	-1.812476e+000	-3.153297e+000	5.000000e+000
7.803700545556030e-003	-1.750465e+000	-3.214936e+000	5.000000e+000
7.823231795556031e-003	-1.662125e+000	-3.302777e+000	5.000000e+000
7.842763045556030e-003	-1.548786e+000	-3.415497e+000	5.000000e+000
7.862294295556030e-003	-1.412152e+000	-3.551402e+000	5.000000e+000
7.881825545556030e-003	-1.254277e+000	-3.708447e+000	5.000000e+000
7.901356795556029e-003	-1.077537e+000	-3.884271e+000	5.000000e+000
7.920888045556029e-003	-8.845896e-001	-4.076229e+000	5.000000e+000
7.940419295556028e-003	-6.783372e-001	-4.281434e+000	5.000000e+000
7.959950545556028e-003	-4.618820e-001	-4.496799e+000	5.000000e+000
7.979481795556027e-003	-2.384797e-001	-4.719084e+000	5.000000e+000
7.999013045556027e-003	-1.149046e-002	-4.944947e+000	5.000000e+000
8.018544295556027e-003	2.156716e-001	-5.170990e+000	5.000000e+000
8.038075545556026e-003	4.395899e-001	-5.393814e+000	5.000000e+000
8.057606795556026e-003	6.568962e-001	-5.610066e+000	5.000000e+000
8.077138045556025e-003	8.643222e-001	-5.816495e+000	5.000000e+000
8.096669295556025e-003	1.058748e+000	-6.009996e+000	5.000000e+000
8.116200545556025e-003	1.237249e+000	-6.187657e+000	5.000000e+000
8.135731795556024e-003	1.397141e+000	-6.346807e+000	5.000000e+000
8.155263045556024e-003	1.536019e+000	-6.485053e+000	5.000000e+000
8.174794295556023e-003	1.651793e+000	-6.600314e+000	5.000000e+000
8.194325545556023e-003	1.742723e+000	-6.690856e+000	5.000000e+000
8.213856795556022e-003	1.807441e+000	-6.755320e+000	5.000000e+000
8.233388045556022e-003	1.846543e+000	-6.794295e+000	5.000000e+000
8.248527651729370e-003	1.857563e+000	-6.805313e+000	5.000000e+000
8.264452742236212e-003	1.848713e+000	-6.796563e+000	5.000000e+000
8.283983992236212e-003	1.812935e+000	-6.761029e+000	5.000000e+000
8.303515242236211e-003	1.751179e+000	-6.699644e+000	5.000000e+000
8.323046492236211e-003	1.663084e+000	-6.612047e+000	5.000000e+000
8.342577742236210e-003	1.549975e+000	-6.499555e+000	5.000000e+000
8.362108992236210e-003	1.413552e+000	-6.363861e+000	5.000000e+000
8.381640242236210e-003	1.255868e+000	-6.207005e+000	5.000000e+000
8.401171492236209e-003	1.079295e+000	-6.031347e+000	5.000000e+000
8.420702742236209e-003	8.864881e-001	-5.839530e+000	5.000000e+000
8.440233992236208e-003	6.803477e-001	-5.634436e+000	5.000000e+000
8.459765242236208e-003	4.639742e-001	-5.419153e+000	5.000000e+000
8.479296492236207e-003	2.406222e-001	-5.196918e+000	5.000000e+000
8.498827742236207e-003	1.365095e-002	-4.971072e+000	5.000000e+000
8.518358992236207e-003	-2.135256e-001	-4.745014e+000	5.000000e+000
8.537890242236206e-003	-4.374905e-001	-4.522144e+000	5.000000e+000
8.557421492236206e-003	-6.548752e-001	-4.305814e+000	5.000000e+000
8.576952742236205e-003	-8.624098e-001	-4.099277e+000	5.000000e+000
8.596483992236205e-003	-1.056973e+000	-3.905640e+000	5.000000e+000
8.616015242236205e-003	-1.235638e+000	-3.727815e+000	5.000000e+000
8.635546492236204e-003	-1.395719e+000	-3.568478e+000	5.000000e+000
8.655077742236204e-003	-1.534806e+000	-3.430024e+000	5.000000e+000
8.674608992236203e-003	-1.650809e+000	-3.314536e+000	5.000000e+000
8.694140242236203e-003	-1.741981e+000	-3.223752e+000	5.000000e+000
8.713671492236202e-003	-1.806953e+000	-3.159036e+000	5.000000e+000
8.733202742236202e-003	-1.845752e+000	-3.120361e+000	5.000000e+000
8.749920475737180e-003	-1.857448e+000	-3.108665e+000	5.000000e+000
8.764970442303073e-003	-1.848468e+000	-3.117548e+000	5.000000e+000
8.784501692303073e-003	-1.811646e+000	-3.154121e+000	5.000000e+000
8.804032942303072e-003	-1.749178e+000	-3.216215e+000	5.000000e+000
8.823564192303072e-003	-1.660401e+000	-3.304491e+000	5.000000e+000
8.843095442303071e-003	-1.546650e+000	-3.417621e+000	5.000000e+000
8.862626692303071e-003	-1.409636e+000	-3.553904e+000	5.000000e+000
8.882157942303071e-003	-1.251420e+000	-3.711290e+000	5.000000e+000
8.901689192303070e-003	-1.074381e+000	-3.887411e+000	5.000000e+000
8.921220442303070e-003	-8.811821e-001	-4.079619e+000	5.000000e+000
8.940751692303069e-003	-6.747297e-001	-4.285023e+000	5.000000e+000
8.960282942303069e-003	-4.581287e-001	-4.500533e+000	5.000000e+000
8.979814192303069e-003	-2.346370e-001	-4.722908e+000	5.000000e+000
8.999345442303068e-003	-7.616188e-003	-4.948802e+000	5.000000e+000
9.018876692303068e-003	2.195192e-001	-5.174819e+000	5.000000e+000
9.038407942303067e-003	4.433528e-001	-5.397559e+000	5.000000e+000
9.057939192303067e-003	6.605181e-001	-5.613671e+000	5.000000e+000
9.077470442303066e-003	8.677484e-001	-5.819905e+000	5.000000e+000
9.097001692303066e-003	1.061927e+000	-6.013160e+000	5.000000e+000
9.116532942303066e-003	1.240133e+000	-6.190528e+000	5.000000e+000
9.136064192303065e-003	1.399687e+000	-6.349341e+000	5.000000e+000
9.155595442303065e-003	1.538188e+000	-6.487212e+000	5.000000e+000
9.175126692303064e-003	1.653553e+000	-6.602066e+000	5.000000e+000
9.194657942303064e-003	1.744047e+000	-6.692175e+000	5.000000e+000
9.214189192303064e-003	1.808309e+000	-6.756185e+000	5.000000e+000
9.233720442303063e-003	1.846263e+000	-6.794018e+000	5.000000e+000
9.250763398696115e-003	1.857204e+000	-6.804964e+000	5.000000e+000
9.266243054403954e-003	1.846862e+000	-6.794727e+000	5.000000e+000
9.285774304403954e-003	1.808399e+000	-6.756521e+000	5.000000e+000
9.305305554403953e-003	1.744184e+000	-6.692688e+000	5.000000e+000
9.324836804403953e-003	1.653734e+000	-6.602748e+000	5.000000e+000
9.344368054403952e-003	1.538411e+000	-6.488054e+000	5.000000e+000
9.363899304403952e-003	1.399949e+000	-6.350330e+000	5.000000e+000
9.383430554403952e-003	1.240431e+000	-6.191648e+000	5.000000e+000
9.402961804403951e-003	1.062255e+000	-6.014395e+000	5.000000e+000
9.422493054403951e-003	8.681018e-001	-5.821237e+000	5.000000e+000
9.442024304403950e-003	6.608917e-001	-5.615079e+000	5.000000e+000
9.461555554403950e-003	4.437411e-001	-5.399021e+000	5.000000e+000
9.481086804403949e-003	2.199163e-001	-5.176314e+000	5.000000e+000
9.500618054403949e-003	-7.216311e-003	-4.950308e+000	5.000000e+000
9.520149304403949e-003	-2.342404e-001	-4.724401e+000	5.000000e+000
9.539680554403948e-003	-4.577412e-001	-4.501992e+000	5.000000e+000
9.559211804403948e-003	-6.743572e-001	-4.286426e+000	5.000000e+000
9.578743054403947e-003	-8.808302e-001	-4.080945e+000	5.000000e+000
9.598274304403947e-003	-1.074055e+000	-3.888639e+000	5.000000e+000
9.617805554403947e-003	-1.251125e+000	-3.712401e+000	5.000000e+000
9.637336804403946e-003	-1.409376e+000	-3.554883e+000	5.000000e+000
9.656868054403946e-003	-1.546429e+000	-3.418453e+000	5.000000e+000
9.676399304403945e-003	-1.660223e+000	-3.305162e+000	5.000000e+000
9.695930554403945e-003	-1.749045e+000	-3.216717e+000	5.000000e+000
9.715461804403944e-003	-1.811560e+000	-3.154445e+000	5.000000e+000
9.734993054403944e-003	-1.846828e+000	-3.119285e+000	5.000000e+000
9.754524304403944e-003	-1.854921e+000	-3.111164e+000	5.000000e+000
9.772366625851658e-003	-1.837379e+000	-3.128557e+000	5.000000e+000
9.791897875851658e-003	-1.791154e+000	-3.174487e+000	5.000000e+000
9.811429125851657e-003	-1.718591e+000	-3.246627e+000	5.000000e+000
9.830960375851657e-003	-1.620179e+000	-3.344492e+000	5.000000e+000
9.850491625851656e-003	-1.497398e+000	-3.466609e+000	5.000000e+000
9.870022875851656e-003	-1.352094e+000	-3.611142e+000	5.000000e+000
9.889554125851656e-003	-1.186454e+000	-3.775918e+000	5.000000e+000
9.909085375851655e-003	-1.002968e+000	-3.958457e+000	5.000000e+000
9.928616625851655e-003	-8.043970e-001	-4.156013e+000	5.000000e+000
9.948147875851654e-003	-5.937269e-001	-4.365617e+000	5.000000e+000
9.967679125851654e-003	-3.741265e-001	-4.584114e+000	5.000000e+000
9.987210375851654e-003	-1.488989e-001	-4.808219e+000	5.000000e+000
1.000674162585165e-002	7.856822e-002	-5.034561e+000	5.000000e+000
1.002627287585165e-002	3.048536e-001	-5.259735e+000	5.000000e+000
1.004580412585165e-002	5.265538e-001	-5.480355e+000	5.000000e+000
1.006533537585165e-002	7.403340e-001	-5.693102e+000	5.000000e+000
1.008486662585165e-002	9.429790e-001	-5.894777e+000	5.000000e+000
1.010439787585165e-002	1.131441e+000	-6.082345e+000	5.000000e+000
1.012392912585165e-002	1.302885e+000	-6.252986e+000	5.000000e+000
1.014346037585165e-002	1.454732e+000	-6.404134e+000	5.000000e+000
1.016299162585165e-002	1.584698e+000	-6.533514e+000	5.000000e+000
1.018252287585165e-002	1.690830e+000	-6.639181e+000	5.000000e+000
1.020205412585165e-002	1.771529e+000	-6.719546e+000	5.000000e+000
1.022158537585165e-002	1.825584e+000	-6.773399e+000	5.000000e+000
1.024111662585165e-002	1.852179e+000	-6.799931e+000	5.000000e+000
1.026064787585165e-002	1.850917e+000	-6.798742e+000	5.000000e+000
1.028017912585165e-002	1.821815e+000	-6.769852e+000	5.000000e+000
1.029971037585165e-002	1.765311e+000	-6.713693e+000	5.000000e+000
1.031924162585165e-002	1.682255e+000	-6.631111e+000	5.000000e+000
1.033877287585165e-002	1.573896e+000	-6.523347e+000	5.000000e+000
1.035830412585165e-002	1.441864e+000	-6.392023e+000	5.000000e+000
1.037783537585165e-002	1.288146e+000	-6.239115e+000	5.000000e+000
1.039736662585165e-002	1.115053e+000	-6.066921e+000	5.000000e+000
1.041689787585164e-002	9.251881e-001	-5.878032e+000	5.000000e+000
1.043642912585164e-002	7.214077e-001	-5.675288e+000	5.000000e+000
1.045596037585164e-002	5.067766e-001	-5.461740e+000	5.000000e+000
1.047549162585164e-002	2.845231e-001	-5.240600e+000	5.000000e+000
1.049502287585164e-002	5.799012e-002	-5.015192e+000	5.000000e+000
1.051455412585164e-002	-1.694151e-001	-4.788908e+000	5.000000e+000
1.053408537585164e-002	-3.942721e-001	-4.565152e+000	5.000000e+000
1.055361662585164e-002	-6.131988e-001	-4.347289e+000	5.000000e+000
1.057314787585164e-002	-8.229026e-001	-4.138595e+000	5.000000e+000
1.059267912585164e-002	-1.020229e+000	-3.942210e+000	5.000000e+000
1.061221037585164e-002	-1.202210e+000	-3.761087e+000	5.000000e+000
1.063174162585164e-002	-1.366109e+000	-3.597951e+000	5.000000e+000
1.065127287585164e-002	-1.509460e+000	-3.455255e+000	5.000000e+000
1.067080412585164e-002	-1.630108e+000	-3.335146e+000	5.000000e+000
1.069033537585164e-002	-1.726238e+000	-3.239430e+000	5.000000e+000
1.070986662585164e-002	-1.796403e+000	-3.169547e+000	5.000000e+000
1.072939787585164e-002	-1.840925e+000	-3.125178e+000	5.000000e+000
1.074507072084618e-002	-1.855970e+000	-3.110152e+000	5.000000e+000
1.076316738315329e-002	-1.849234e+000	-3.116792e+000	5.000000e+000
1.078269863315329e-002	-1.816050e+000	-3.149745e+000	5.000000e+000
1.080222988315329e-002	-1.756065e+000	-3.209369e+000	5.000000e+000
1.082176113315329e-002	-1.669667e+000	-3.295277e+000	5.000000e+000
1.084129238315329e-002	-1.558155e+000	-3.406179e+000	5.000000e+000
1.086082363315329e-002	-1.423207e+000	-3.540405e+000	5.000000e+000
1.088035488315329e-002	-1.266853e+000	-3.695937e+000	5.000000e+000
1.089988613315329e-002	-1.091444e+000	-3.870436e+000	5.000000e+000
1.091941738315328e-002	-8.996188e-001	-4.061277e+000	5.000000e+000
1.093894863315328e-002	-6.942625e-001	-4.265589e+000	5.000000e+000
1.095847988315328e-002	-4.784639e-001	-4.480300e+000	5.000000e+000
1.097801113315328e-002	-2.554687e-001	-4.702180e+000	5.000000e+000
1.099754238315328e-002	-2.863104e-002	-4.927891e+000	5.000000e+000
1.101707363315328e-002	1.986373e-001	-5.154039e+000	5.000000e+000
1.103660488315328e-002	4.229179e-001	-5.377223e+000	5.000000e+000
1.105613613315328e-002	6.408374e-001	-5.594086e+000	5.000000e+000
1.107566738315328e-002	8.491182e-001	-5.801364e+000	5.000000e+000
1.109519863315328e-002	1.044627e+000	-5.995942e+000	5.000000e+000
1.111472988315328e-002	1.224424e+000	-6.174892e+000	5.000000e+000
1.113426113315328e-002	1.385805e+000	-6.335524e+000	5.000000e+000
1.115379238315328e-002	1.526342e+000	-6.475419e+000	5.000000e+000
1.117332363315328e-002	1.643921e+000	-6.592476e+000	5.000000e+000
1.119285488315328e-002	1.736774e+000	-6.684932e+000	5.000000e+000
1.121238613315328e-002	1.803505e+000	-6.751398e+000	5.000000e+000
1.123191738315328e-002	1.844402e+000	-6.792160e+000	5.000000e+000
1.124782757363982e-002	1.857116e+000	-6.804866e+000	5.000000e+000
1.126419250699283e-002	1.848829e+000	-6.796677e+000	5.000000e+000
1.128372375699283e-002	1.813576e+000	-6.761665e+000	5.000000e+000
1.130325500699283e-002	1.752178e+000	-6.700637e+000	5.000000e+000
1.132278625699283e-002	1.664426e+000	-6.613380e+000	5.000000e+000
1.134231750699283e-002	1.551639e+000	-6.501210e+000	5.000000e+000
1.136184875699283e-002	1.415514e+000	-6.365813e+000	5.000000e+000
1.138138000699283e-002	1.258099e+000	-6.209224e+000	5.000000e+000
1.140091125699282e-002	1.081760e+000	-6.033800e+000	5.000000e+000
1.142044250699282e-002	8.891514e-001	-5.842179e+000	5.000000e+000
1.143997375699282e-002	6.831686e-001	-5.637243e+000	5.000000e+000
1.145950500699282e-002	4.669104e-001	-5.422074e+000	5.000000e+000
1.147903625699282e-002	2.436295e-001	-5.199910e+000	5.000000e+000
1.149856750699282e-002	1.668408e-002	-4.974091e+000	5.000000e+000
1.151809875699282e-002	-2.105123e-001	-4.748013e+000	5.000000e+000
1.153763000699282e-002	-4.345423e-001	-4.525078e+000	5.000000e+000
1.155716125699282e-002	-6.520364e-001	-4.308639e+000	5.000000e+000
1.157669250699282e-002	-8.597232e-001	-4.101951e+000	5.000000e+000
1.159622375699282e-002	-1.054479e+000	-3.908122e+000	5.000000e+000
1.161575500699282e-002	-1.233374e+000	-3.730069e+000	5.000000e+000
1.163528625699282e-002	-1.393719e+000	-3.570468e+000	5.000000e+000
1.165481750699282e-002	-1.533100e+000	-3.431722e+000	5.000000e+000
1.167434875699282e-002	-1.649423e+000	-3.315916e+000	5.000000e+000
1.169388000699282e-002	-1.740936e+000	-3.224792e+000	5.000000e+000
1.171341125699282e-002	-1.806264e+000	-3.159722e+000	5.000000e+000
1.173294250699282e-002	-1.845488e+000	-3.120625e+000	5.000000e+000
1.174949675176921e-002	-1.857404e+000	-3.108711e+000	5.000000e+000
1.176481295143126e-002	-1.848545e+000	-3.117473e+000	5.000000e+000
1.178434420143126e-002	-1.812040e+000	-3.153730e+000	5.000000e+000
1.180387545143126e-002	-1.749789e+000	-3.215608e+000	5.000000e+000
1.182340670143126e-002	-1.661219e+000	-3.303678e+000	5.000000e+000
1.184293795143126e-002	-1.547663e+000	-3.416614e+000	5.000000e+000
1.186246920143126e-002	-1.410829e+000	-3.552718e+000	5.000000e+000
1.188200045143126e-002	-1.252774e+000	-3.709942e+000	5.000000e+000
1.190153170143126e-002	-1.075877e+000	-3.885923e+000	5.000000e+000
1.192106295143126e-002	-8.827970e-001	-4.078012e+000	5.000000e+000
1.194059420143125e-002	-6.764393e-001	-4.283322e+000	5.000000e+000
1.196012545143125e-002	-4.599073e-001	-4.498763e+000	5.000000e+000
1.197965670143125e-002	-2.364579e-001	-4.721096e+000	5.000000e+000
1.199918795143125e-002	-9.451840e-003	-4.946976e+000	5.000000e+000
1.201871920143125e-002	2.176963e-001	-5.173005e+000	5.000000e+000
1.203825045143125e-002	4.415702e-001	-5.395784e+000	5.000000e+000
1.205778170143125e-002	6.588024e-001	-5.611963e+000	5.000000e+000
1.207731295143125e-002	8.661256e-001	-5.818290e+000	5.000000e+000
1.209684420143125e-002	1.060421e+000	-6.011662e+000	5.000000e+000
1.211637545143125e-002	1.238768e+000	-6.189168e+000	5.000000e+000
1.213590670143125e-002	1.398482e+000	-6.348142e+000	5.000000e+000
1.215543795143125e-002	1.537161e+000	-6.486190e+000	5.000000e+000
1.217496920143125e-002	1.652720e+000	-6.601236e+000	5.000000e+000
1.219450045143125e-002	1.743421e+000	-6.691551e+000	5.000000e+000
1.221403170143125e-002	1.807899e+000	-6.755776e+000	5.000000e+000
1.223356295143125e-002	1.846110e+000	-6.793865e+000	5.000000e+000
1.225050697305935e-002	1.857294e+000	-6.805053e+000	5.000000e+000
1.226582551308842e-002	1.847410e+000	-6.795270e+000	5.000000e+000
1.228535676308842e-002	1.809477e+000	-6.757593e+000	5.000000e+000
1.230488801308842e-002	1.745835e+000	-6.694330e+000	5.000000e+000
1.232441926308842e-002	1.655934e+000	-6.604936e+000	5.000000e+000
1.234395051308842e-002	1.541126e+000	-6.490754e+000	5.000000e+000
1.236348176308842e-002	1.403138e+000	-6.353501e+000	5.000000e+000
1.238301301308842e-002	1.244045e+000	-6.195244e+000	5.000000e+000
1.240254426308842e-002	1.066241e+000	-6.018361e+000	5.000000e+000
1.242207551308842e-002	8.723999e-001	-5.825513e+000	5.000000e+000
1.244160676308842e-002	6.654369e-001	-5.619601e+000	5.000000e+000
1.246113801308842e-002	4.484650e-001	-5.403721e+000	5.000000e+000
1.248066926308842e-002	2.247480e-001	-5.181122e+000	5.000000e+000
1.250020051308842e-002	-2.349576e-003	-4.955151e+000	5.000000e+000
1.251973176308842e-002	-2.294118e-001	-4.729206e+000	5.000000e+000
1.253926301308842e-002	-4.530234e-001	-4.506687e+000	5.000000e+000
1.255879426308842e-002	-6.698211e-001	-4.290940e+000	5.000000e+000
1.257832551308842e-002	-8.765441e-001	-4.085210e+000	5.000000e+000
1.259785676308842e-002	-1.070083e+000	-3.892592e+000	5.000000e+000
1.261738801308841e-002	-1.247527e+000	-3.715982e+000	5.000000e+000
1.263691926308841e-002	-1.406207e+000	-3.558038e+000	5.000000e+000
1.265645051308841e-002	-1.543736e+000	-3.421134e+000	5.000000e+000
1.267598176308841e-002	-1.658046e+000	-3.307330e+000	5.000000e+000
1.269551301308841e-002	-1.747418e+000	-3.218338e+000	5.000000e+000
1.271504426308841e-002	-1.810506e+000	-3.155496e+000	5.000000e+000
1.273457551308841e-002	-1.846363e+000	-3.119749e+000	5.000000e+000
1.275410676308841e-002	-1.855147e+000	-3.110940e+000	5.000000e+000
1.277168683210418e-002	-1.838566e+000	-3.127379e+000	5.000000e+000
1.279121808210418e-002	-1.793200e+000	-3.172454e+000	5.000000e+000
1.281074933210418e-002	-1.721559e+000	-3.243677e+000	5.000000e+000
1.283028058210418e-002	-1.624023e+000	-3.340669e+000	5.000000e+000
1.284981183210418e-002	-1.502061e+000	-3.461971e+000	5.000000e+000
1.286934308210417e-002	-1.357507e+000	-3.605758e+000	5.000000e+000
1.288887433210417e-002	-1.192534e+000	-3.769869e+000	5.000000e+000
1.290840558210417e-002	-1.009625e+000	-3.951834e+000	5.000000e+000
1.292793683210417e-002	-8.115294e-001	-4.148917e+000	5.000000e+000
1.294746808210417e-002	-6.012281e-001	-4.358153e+000	5.000000e+000
1.296699933210417e-002	-3.818837e-001	-4.576396e+000	5.000000e+000
1.298653058210417e-002	-1.567955e-001	-4.800362e+000	5.000000e+000
1.300606183210417e-002	7.065113e-002	-5.026683e+000	5.000000e+000
1.302559308210417e-002	2.970351e-001	-5.251955e+000	5.000000e+000
1.304512433210417e-002	5.189514e-001	-5.472790e+000	5.000000e+000
1.306465558210417e-002	7.330621e-001	-5.685865e+000	5.000000e+000
1.308418683210417e-002	9.361470e-001	-5.887978e+000	5.000000e+000
1.310371808210417e-002	1.125151e+000	-6.076086e+000	5.000000e+000
1.312324933210417e-002	1.297232e+000	-6.247361e+000	5.000000e+000
1.314278058210417e-002	1.449802e+000	-6.399226e+000	5.000000e+000
1.316231183210417e-002	1.580565e+000	-6.529399e+000	5.000000e+000
1.318184308210417e-002	1.687555e+000	-6.635921e+000	5.000000e+000
1.320137433210417e-002	1.769162e+000	-6.717188e+000	5.000000e+000
1.322090558210417e-002	1.824160e+000	-6.771980e+000	5.000000e+000
1.324043683210417e-002	1.851721e+000	-6.799472e+000	5.000000e+000
1.325996808210417e-002	1.851430e+000	-6.799251e+000	5.000000e+000
1.327949933210417e-002	1.823291e+000	-6.771319e+000	5.000000e+000
1.329903058210417e-002	1.767729e+000	-6.716097e+000	5.000000e+000
1.331856183210417e-002	1.685579e+000	-6.634416e+000	5.000000e+000
1.333809308210416e-002	1.578076e+000	-6.527504e+000	5.000000e+000
1.335762433210416e-002	1.446837e+000	-6.396969e+000	5.000000e+000
1.337715558210416e-002	1.293836e+000	-6.244775e+000	5.000000e+000
1.339668683210416e-002	1.121375e+000	-6.073210e+000	5.000000e+000
1.341621808210416e-002	9.320473e-001	-5.884856e+000	5.000000e+000
1.343574933210416e-002	7.287008e-001	-5.682545e+000	5.000000e+000
1.345528058210416e-002	5.143940e-001	-5.469319e+000	5.000000e+000
1.347481183210416e-002	2.923502e-001	-5.248387e+000	5.000000e+000
1.349434308210416e-002	6.590919e-002	-5.023072e+000	5.000000e+000
1.351387433210416e-002	-1.615231e-001	-4.796762e+000	5.000000e+000
1.353340558210416e-002	-3.865260e-001	-4.572861e+000	5.000000e+000
1.355293683210416e-002	-6.057152e-001	-4.354736e+000	5.000000e+000
1.357246808210416e-002	-8.157938e-001	-4.145669e+000	5.000000e+000
1.359199933210416e-002	-1.013602e+000	-3.948805e+000	5.000000e+000
1.361153058210416e-002	-1.196165e+000	-3.767104e+000	5.000000e+000
1.363106183210416e-002	-1.360736e+000	-3.603299e+000	5.000000e+000
1.365059308210416e-002	-1.504841e+000	-3.459854e+000	5.000000e+000
1.367012433210416e-002	-1.626311e+000	-3.338926e+000	5.000000e+000
1.368965558210416e-002	-1.723320e+000	-3.242335e+000	5.000000e+000
1.370918683210416e-002	-1.794409e+000	-3.171533e+000	5.000000e+000
1.372871808210416e-002	-1.839732e+000	-3.126367e+000	5.000000e+000
1.374481803700244e-002	-1.855688e+000	-3.110434e+000	5.000000e+000
1.376307338514039e-002	-1.849268e+000	-3.116759e+000	5.000000e+000
1.378260463514039e-002	-1.816274e+000	-3.149523e+000	5.000000e+000
1.380213588514039e-002	-1.756418e+000	-3.209018e+000	5.000000e+000
1.382166713514038e-002	-1.670144e+000	-3.294803e+000	5.000000e+000
1.384119838514038e-002	-1.558749e+000	-3.405588e+000	5.000000e+000
1.386072963514038e-002	-1.423909e+000	-3.539706e+000	5.000000e+000
1.388026088514038e-002	-1.267653e+000	-3.695141e+000	5.000000e+000
1.389979213514038e-002	-1.092330e+000	-3.869555e+000	5.000000e+000
1.391932338514038e-002	-9.005768e-001	-4.060324e+000	5.000000e+000
1.393885463514038e-002	-6.952784e-001	-4.264578e+000	5.000000e+000
1.395838588514038e-002	-4.795223e-001	-4.479247e+000	5.000000e+000
1.397791713514038e-002	-2.565539e-001	-4.701100e+000	5.000000e+000
1.399744838514038e-002	-2.972653e-002	-4.926801e+000	5.000000e+000
1.401697963514038e-002	1.975479e-001	-5.152955e+000	5.000000e+000
1.403651088514038e-002	4.218510e-001	-5.376162e+000	5.000000e+000
1.405604213514038e-002	6.398092e-001	-5.593062e+000	5.000000e+000
1.407557338514038e-002	8.481439e-001	-5.800395e+000	5.000000e+000
1.409510463514038e-002	1.043722e+000	-5.995041e+000	5.000000e+000
1.411463588514038e-002	1.223601e+000	-6.174073e+000	5.000000e+000
1.413416713514038e-002	1.385077e+000	-6.334798e+000	5.000000e+000
1.415369838514038e-002	1.525719e+000	-6.474799e+000	5.000000e+000
1.417322963514038e-002	1.643413e+000	-6.591970e+000	5.000000e+000
1.419276088514038e-002	1.736389e+000	-6.684548e+000	5.000000e+000
1.421229213514038e-002	1.803248e+000	-6.751142e+000	5.000000e+000
1.423182338514038e-002	1.844299e+000	-6.792057e+000	5.000000e+000
1.424767451722473e-002	1.857080e+000	-6.804830e+000	5.000000e+000
1.426413560915490e-002	1.848853e+000	-6.796701e+000	5.000000e+000
1.428366685915490e-002	1.813715e+000	-6.761804e+000	5.000000e+000
1.430319810915490e-002	1.752396e+000	-6.700853e+000	5.000000e+000
1.432272935915490e-002	1.664718e+000	-6.613672e+000	5.000000e+000
1.434226060915490e-002	1.552002e+000	-6.501572e+000	5.000000e+000
1.436179185915490e-002	1.415943e+000	-6.366239e+000	5.000000e+000
1.438132310915490e-002	1.258586e+000	-6.209709e+000	5.000000e+000
1.440085435915490e-002	1.082299e+000	-6.034336e+000	5.000000e+000
1.442038560915490e-002	8.897334e-001	-5.842758e+000	5.000000e+000
1.443991685915490e-002	6.837852e-001	-5.637856e+000	5.000000e+000
1.445944810915490e-002	4.675522e-001	-5.422713e+000	5.000000e+000
1.447897935915490e-002	2.442869e-001	-5.200564e+000	5.000000e+000
1.449851060915490e-002	1.734724e-002	-4.974751e+000	5.000000e+000
1.451804185915490e-002	-2.098533e-001	-4.748669e+000	5.000000e+000
1.453757310915490e-002	-4.338975e-001	-4.525720e+000	5.000000e+000
1.455710435915490e-002	-6.514155e-001	-4.309257e+000	5.000000e+000
1.457663560915490e-002	-8.591355e-001	-4.102535e+000	5.000000e+000
1.459616685915490e-002	-1.053933e+000	-3.908665e+000	5.000000e+000
1.461569810915490e-002	-1.232879e+000	-3.730562e+000	5.000000e+000
1.463522935915490e-002	-1.393281e+000	-3.570904e+000	5.000000e+000
1.465476060915490e-002	-1.532727e+000	-3.432094e+000	5.000000e+000
1.467429185915490e-002	-1.649119e+000	-3.316218e+000	5.000000e+000
1.469382310915490e-002	-1.740707e+000	-3.225021e+000	5.000000e+000
1.471335435915490e-002	-1.806113e+000	-3.159873e+000	5.000000e+000
1.473288560915489e-002	-1.845430e+000	-3.120683e+000	5.000000e+000
1.474940410818508e-002	-1.857392e+000	-3.108722e+000	5.000000e+000
1.476477851717994e-002	-1.848561e+000	-3.117457e+000	5.000000e+000
1.478430976717994e-002	-1.812126e+000	-3.153645e+000	5.000000e+000
1.480384101717993e-002	-1.749922e+000	-3.215476e+000	5.000000e+000
1.482337226717993e-002	-1.661398e+000	-3.303500e+000	5.000000e+000
1.484290351717993e-002	-1.547884e+000	-3.416394e+000	5.000000e+000
1.486243476717993e-002	-1.411089e+000	-3.552459e+000	5.000000e+000
1.488196601717993e-002	-1.253070e+000	-3.709648e+000	5.000000e+000
1.490149726717993e-002	-1.076204e+000	-3.885598e+000	5.000000e+000
1.492102851717993e-002	-8.831500e-001	-4.077662e+000	5.000000e+000
1.494055976717993e-002	-6.768130e-001	-4.282950e+000	5.000000e+000
1.496009101717993e-002	-4.602961e-001	-4.498376e+000	5.000000e+000
1.497962226717993e-002	-2.368559e-001	-4.720700e+000	5.000000e+000
1.499915351717993e-002	-9.853191e-003	-4.946576e+000	5.000000e+000
1.501868476717993e-002	2.172977e-001	-5.172608e+000	5.000000e+000
1.503821601717993e-002	4.411803e-001	-5.395397e+000	5.000000e+000
1.505774726717993e-002	6.584271e-001	-5.611590e+000	5.000000e+000
1.507727851717993e-002	8.657706e-001	-5.817937e+000	5.000000e+000
1.509680976717993e-002	1.060092e+000	-6.011333e+000	5.000000e+000
1.511634101717993e-002	1.238469e+000	-6.188871e+000	5.000000e+000
1.513587226717993e-002	1.398218e+000	-6.347879e+000	5.000000e+000
1.515540351717993e-002	1.536936e+000	-6.485966e+000	5.000000e+000
1.517493476717993e-002	1.652538e+000	-6.601055e+000	5.000000e+000
1.519446601717993e-002	1.743284e+000	-6.691415e+000	5.000000e+000
1.521399726717993e-002	1.807809e+000	-6.755686e+000	5.000000e+000
1.523352851717993e-002	1.846076e+000	-6.793831e+000	5.000000e+000
1.525045090717319e-002	1.857313e+000	-6.805072e+000	5.000000e+000
1.526573422012672e-002	1.847528e+000	-6.795388e+000	5.000000e+000
1.528526547012672e-002	1.809711e+000	-6.757825e+000	5.000000e+000
1.530479672012672e-002	1.746194e+000	-6.694688e+000	5.000000e+000
1.532432797012672e-002	1.656413e+000	-6.605412e+000	5.000000e+000
1.534385922012672e-002	1.541718e+000	-6.491343e+000	5.000000e+000
1.536339047012672e-002	1.403833e+000	-6.354194e+000	5.000000e+000
1.538292172012672e-002	1.244834e+000	-6.196029e+000	5.000000e+000
1.540245297012672e-002	1.067112e+000	-6.019227e+000	5.000000e+000
1.542198422012672e-002	8.733388e-001	-5.826447e+000	5.000000e+000
1.544151547012672e-002	6.664300e-001	-5.620589e+000	5.000000e+000
1.546104672012672e-002	4.494975e-001	-5.404749e+000	5.000000e+000
1.548057797012672e-002	2.258042e-001	-5.182173e+000	5.000000e+000
1.551964047012672e-002	-2.283558e-001	-4.730257e+000	5.000000e+000
1.553917172012672e-002	-4.519914e-001	-4.507714e+000	5.000000e+000
1.555870297012672e-002	-6.688287e-001	-4.291928e+000	5.000000e+000
1.557823422012672e-002	-8.756061e-001	-4.086143e+000	5.000000e+000
1.559776547012672e-002	-1.069214e+000	-3.893457e+000	5.000000e+000
1.561729672012672e-002	-1.246739e+000	-3.716766e+000	5.000000e+000
1.563682797012672e-002	-1.405513e+000	-3.558729e+000	5.000000e+000
1.565635922012672e-002	-1.543146e+000	-3.421721e+000	5.000000e+000
1.567589047012672e-002	-1.657569e+000	-3.307806e+000	5.000000e+000
1.569542172012672e-002	-1.747060e+000	-3.218694e+000	5.000000e+000
1.571495297012672e-002	-1.810274e+000	-3.155727e+000	5.000000e+000
1.573448422012672e-002	-1.846978e+000	-3.119137e+000	5.000000e+000
1.575200694675672e-002	-1.856689e+000	-3.109413e+000	5.000000e+000
1.576826791517520e-002	-1.844027e+000	-3.121956e+000	5.000000e+000
1.578779916517520e-002	-1.802991e+000	-3.162723e+000	5.000000e+000
1.580733041517520e-002	-1.736004e+000	-3.229313e+000	5.000000e+000
1.582686166517520e-002	-1.642907e+000	-3.321889e+000	5.000000e+000
1.584639291517520e-002	-1.525098e+000	-3.439057e+000	5.000000e+000
1.586592416517520e-002	-1.384351e+000	-3.579056e+000	5.000000e+000
1.588545541517520e-002	-1.222781e+000	-3.739779e+000	5.000000e+000
1.590498666517520e-002	-1.042820e+000	-3.918809e+000	5.000000e+000
1.592451791517520e-002	-8.471739e-001	-4.113454e+000	5.000000e+000
1.594404916517520e-002	-6.387855e-001	-4.320786e+000	5.000000e+000
1.596358041517520e-002	-4.207891e-001	-4.537685e+000	5.000000e+000
1.598311166517520e-002	-1.964636e-001	-4.760891e+000	5.000000e+000
1.600264291517520e-002	3.081683e-002	-4.987045e+000	5.000000e+000
1.602217416517520e-002	2.576338e-001	-5.212747e+000	5.000000e+000
1.604170541517520e-002	4.805757e-001	-5.434600e+000	5.000000e+000
1.606123666517520e-002	6.962893e-001	-5.649270e+000	5.000000e+000
1.608076791517520e-002	9.015300e-001	-5.853526e+000	5.000000e+000
1.610029916517520e-002	1.093211e+000	-6.044296e+000	5.000000e+000
1.611983041517519e-002	1.268449e+000	-6.218711e+000	5.000000e+000
1.613936166517519e-002	1.424608e+000	-6.374148e+000	5.000000e+000
1.615889291517519e-002	1.559340e+000	-6.508269e+000	5.000000e+000
1.617842416517519e-002	1.670618e+000	-6.619057e+000	5.000000e+000
1.619795541517519e-002	1.756769e+000	-6.704844e+000	5.000000e+000
1.621748666517519e-002	1.816496e+000	-6.764342e+000	5.000000e+000
1.623701791517519e-002	1.848901e+000	-6.796654e+000	5.000000e+000
1.625654916517519e-002	1.853646e+000	-6.801444e+000	5.000000e+000
1.627566296580911e-002	1.831150e+000	-6.779126e+000	5.000000e+000
1.629519421580911e-002	1.780773e+000	-6.729064e+000	5.000000e+000
1.631472546580911e-002	1.703760e+000	-6.652495e+000	5.000000e+000
1.633425671580911e-002	1.601121e+000	-6.550424e+000	5.000000e+000
1.635378796580911e-002	1.474399e+000	-6.424385e+000	5.000000e+000
1.637331921580911e-002	1.325501e+000	-6.276274e+000	5.000000e+000
1.639285046580911e-002	1.156667e+000	-6.108319e+000	5.000000e+000
1.641238171580911e-002	9.704347e-001	-5.923047e+000	5.000000e+000
1.643191296580911e-002	7.696064e-001	-5.723242e+000	5.000000e+000
1.645144421580911e-002	5.572026e-001	-5.511912e+000	5.000000e+000
1.647097546580911e-002	3.364179e-001	-5.292235e+000	5.000000e+000
1.649050671580911e-002	1.105731e-001	-5.067515e+000	5.000000e+000
1.651003796580911e-002	-1.169347e-001	-4.841131e+000	5.000000e+000
1.652956921580910e-002	-3.426837e-001	-4.616489e+000	5.000000e+000
1.654910046580910e-002	-5.632785e-001	-4.396967e+000	5.000000e+000
1.656863171580910e-002	-7.754010e-001	-4.185868e+000	5.000000e+000
1.658816296580910e-002	-9.758607e-001	-3.986367e+000	5.000000e+000
1.660769421580910e-002	-1.161643e+000	-3.801464e+000	5.000000e+000
1.662722546580910e-002	-1.329952e+000	-3.633940e+000	5.000000e+000
1.664675671580910e-002	-1.478258e+000	-3.486316e+000	5.000000e+000
1.666628796580910e-002	-1.604330e+000	-3.360810e+000	5.000000e+000
1.668581921580910e-002	-1.706271e+000	-3.259312e+000	5.000000e+000
1.670535046580910e-002	-1.782548e+000	-3.183348e+000	5.000000e+000
1.672488171580910e-002	-1.832014e+000	-3.134061e+000	5.000000e+000
1.674441296580910e-002	-1.854291e+000	-3.111826e+000	5.000000e+000
1.676292268197227e-002	-1.849320e+000	-3.116708e+000	5.000000e+000
1.678245393197227e-002	-1.816630e+000	-3.149169e+000	5.000000e+000
1.680198518197227e-002	-1.756982e+000	-3.208457e+000	5.000000e+000
1.682151643197227e-002	-1.670907e+000	-3.294043e+000	5.000000e+000
1.684104768197227e-002	-1.559701e+000	-3.404641e+000	5.000000e+000
1.686057893197227e-002	-1.425035e+000	-3.538587e+000	5.000000e+000
1.688011018197227e-002	-1.268935e+000	-3.693866e+000	5.000000e+000
1.689964143197227e-002	-1.093749e+000	-3.868143e+000	5.000000e+000
1.691917268197227e-002	-9.021121e-001	-4.058796e+000	5.000000e+000
1.693870393197227e-002	-6.969066e-001	-4.262958e+000	5.000000e+000
1.695823518197227e-002	-4.812190e-001	-4.477558e+000	5.000000e+000
1.697776643197227e-002	-2.582934e-001	-4.699369e+000	5.000000e+000
1.699729768197227e-002	-3.148284e-002	-4.925054e+000	5.000000e+000
1.701682893197227e-002	1.958013e-001	-5.151217e+000	5.000000e+000
1.703636018197227e-002	4.201403e-001	-5.374459e+000	5.000000e+000
1.705589143197227e-002	6.381601e-001	-5.591421e+000	5.000000e+000
1.707542268197227e-002	8.465814e-001	-5.798840e+000	5.000000e+000
1.709495393197227e-002	1.042269e+000	-5.993595e+000	5.000000e+000
1.711448518197227e-002	1.222281e+000	-6.172758e+000	5.000000e+000
1.713401643197227e-002	1.383907e+000	-6.333634e+000	5.000000e+000
1.715354768197227e-002	1.524719e+000	-6.473804e+000	5.000000e+000
1.717307893197227e-002	1.642598e+000	-6.591158e+000	5.000000e+000
1.719261018197226e-002	1.735770e+000	-6.683932e+000	5.000000e+000
1.721214143197226e-002	1.802835e+000	-6.750730e+000	5.000000e+000
1.723167268197226e-002	1.844131e+000	-6.791890e+000	5.000000e+000
1.724742912752588e-002	1.857020e+000	-6.804770e+000	5.000000e+000
1.726404438409505e-002	1.848892e+000	-6.796740e+000	5.000000e+000
1.728357563409505e-002	1.813938e+000	-6.762026e+000	5.000000e+000
1.730310688409505e-002	1.752744e+000	-6.701200e+000	5.000000e+000
1.732263813409505e-002	1.665187e+000	-6.614138e+000	5.000000e+000
1.734216938409505e-002	1.552585e+000	-6.502151e+000	5.000000e+000
1.736170063409505e-002	1.416630e+000	-6.366922e+000	5.000000e+000
1.738123188409504e-002	1.259367e+000	-6.210486e+000	5.000000e+000
1.740076313409504e-002	1.083163e+000	-6.035195e+000	5.000000e+000
1.742029438409504e-002	8.906662e-001	-5.843686e+000	5.000000e+000
1.743982563409504e-002	6.847735e-001	-5.638840e+000	5.000000e+000
1.745935688409504e-002	4.685811e-001	-5.423737e+000	5.000000e+000
1.747888813409504e-002	2.453409e-001	-5.201612e+000	5.000000e+000
1.749841938409504e-002	1.841048e-002	-4.975808e+000	5.000000e+000
1.751795063409504e-002	-2.087968e-001	-4.749720e+000	5.000000e+000
1.753748188409504e-002	-4.328636e-001	-4.526749e+000	5.000000e+000
1.755701313409504e-002	-6.504198e-001	-4.310248e+000	5.000000e+000
1.757654438409504e-002	-8.581929e-001	-4.103474e+000	5.000000e+000
1.759607563409504e-002	-1.053058e+000	-3.909536e+000	5.000000e+000
1.761560688409504e-002	-1.232084e+000	-3.731353e+000	5.000000e+000
1.763513813409504e-002	-1.392579e+000	-3.571603e+000	5.000000e+000
1.765466938409504e-002	-1.532128e+000	-3.432690e+000	5.000000e+000
1.767420063409504e-002	-1.648632e+000	-3.316703e+000	5.000000e+000
1.769373188409504e-002	-1.740339e+000	-3.225387e+000	5.000000e+000
1.771326313409504e-002	-1.805870e+000	-3.160115e+000	5.000000e+000
1.773279438409504e-002	-1.845336e+000	-3.120777e+000	5.000000e+000
1.774925557109208e-002	-1.857373e+000	-3.108742e+000	5.000000e+000
1.776472330786420e-002	-1.848587e+000	-3.117431e+000	5.000000e+000
1.778425455786420e-002	-1.812264e+000	-3.153508e+000	5.000000e+000
1.780378580786420e-002	-1.750136e+000	-3.215263e+000	5.000000e+000
1.782331705786420e-002	-1.661684e+000	-3.303216e+000	5.000000e+000
1.784284830786420e-002	-1.548239e+000	-3.416041e+000	5.000000e+000
1.786237955786420e-002	-1.411507e+000	-3.552043e+000	5.000000e+000
1.788191080786420e-002	-1.253545e+000	-3.709176e+000	5.000000e+000
1.790144205786420e-002	-1.076728e+000	-3.885077e+000	5.000000e+000
1.792097330786420e-002	-8.837159e-001	-4.077098e+000	5.000000e+000
1.794050455786420e-002	-6.774122e-001	-4.282354e+000	5.000000e+000
1.796003580786420e-002	-4.609195e-001	-4.497756e+000	5.000000e+000
1.797956705786420e-002	-2.374941e-001	-4.720065e+000	5.000000e+000
1.799909830786420e-002	-1.049668e-002	-4.945936e+000	5.000000e+000
1.801862955786420e-002	2.166587e-001	-5.171972e+000	5.000000e+000
1.803816080786420e-002	4.405553e-001	-5.394774e+000	5.000000e+000
1.805769205786420e-002	6.578255e-001	-5.610991e+000	5.000000e+000
1.807722330786420e-002	8.652015e-001	-5.817370e+000	5.000000e+000
1.809675455786420e-002	1.059564e+000	-6.010808e+000	5.000000e+000
1.811628580786420e-002	1.237990e+000	-6.188394e+000	5.000000e+000
1.813581705786420e-002	1.397795e+000	-6.347458e+000	5.000000e+000
1.815534830786419e-002	1.536576e+000	-6.485607e+000	5.000000e+000
1.817487955786419e-002	1.652245e+000	-6.600763e+000	5.000000e+000
1.819441080786419e-002	1.743064e+000	-6.691195e+000	5.000000e+000
1.821394205786419e-002	1.807665e+000	-6.755542e+000	5.000000e+000
1.823347330786419e-002	1.846022e+000	-6.793777e+000	5.000000e+000
1.825036101511675e-002	1.857343e+000	-6.805101e+000	5.000000e+000
1.826558784740995e-002	1.847715e+000	-6.795574e+000	5.000000e+000
1.828511909740995e-002	1.810086e+000	-6.758197e+000	5.000000e+000
1.830465034740995e-002	1.746769e+000	-6.695260e+000	5.000000e+000
1.832418159740995e-002	1.657180e+000	-6.606175e+000	5.000000e+000
1.834371284740995e-002	1.542666e+000	-6.492286e+000	5.000000e+000
1.836324409740995e-002	1.404948e+000	-6.355303e+000	5.000000e+000
1.838277534740995e-002	1.246099e+000	-6.197287e+000	5.000000e+000
1.840230659740995e-002	1.068507e+000	-6.020615e+000	5.000000e+000
1.842183784740995e-002	8.748436e-001	-5.827944e+000	5.000000e+000
1.844136909740995e-002	6.680219e-001	-5.622173e+000	5.000000e+000
1.846090034740995e-002	4.511526e-001	-5.406395e+000	5.000000e+000
1.848043159740995e-002	2.274975e-001	-5.183858e+000	5.000000e+000
1.851949409740995e-002	-2.266626e-001	-4.731942e+000	5.000000e+000
1.853902534740995e-002	-4.503366e-001	-4.509361e+000	5.000000e+000
1.855855659740995e-002	-6.672371e-001	-4.293511e+000	5.000000e+000
1.857808784740994e-002	-8.741017e-001	-4.087641e+000	5.000000e+000
1.859761909740994e-002	-1.067819e+000	-3.894845e+000	5.000000e+000
1.861715034740994e-002	-1.245475e+000	-3.718024e+000	5.000000e+000
1.863668159740994e-002	-1.404398e+000	-3.559838e+000	5.000000e+000
1.865621284740994e-002	-1.542198e+000	-3.422665e+000	5.000000e+000
1.867574409740994e-002	-1.656802e+000	-3.308569e+000	5.000000e+000
1.869527534740994e-002	-1.746486e+000	-3.219266e+000	5.000000e+000
1.871480659740994e-002	-1.809901e+000	-3.156099e+000	5.000000e+000
1.873433784740994e-002	-1.846844e+000	-3.119271e+000	5.000000e+000
1.875176863356545e-002	-1.856797e+000	-3.109306e+000	5.000000e+000
1.876787987593693e-002	-1.844593e+000	-3.121394e+000	5.000000e+000
1.878741112593693e-002	-1.804050e+000	-3.161670e+000	5.000000e+000
1.880694237593693e-002	-1.737594e+000	-3.227733e+000	5.000000e+000
1.882647362593693e-002	-1.645002e+000	-3.319805e+000	5.000000e+000
1.884600487593693e-002	-1.527668e+000	-3.436501e+000	5.000000e+000
1.886553612593693e-002	-1.387357e+000	-3.576065e+000	5.000000e+000
1.888506737593693e-002	-1.226179e+000	-3.736399e+000	5.000000e+000
1.890459862593693e-002	-1.046558e+000	-3.915091e+000	5.000000e+000
1.892412987593693e-002	-8.511951e-001	-4.109453e+000	5.000000e+000
1.894366112593693e-002	-6.430299e-001	-4.316563e+000	5.000000e+000
1.896319237593693e-002	-4.251928e-001	-4.533304e+000	5.000000e+000
1.898272362593693e-002	-2.009605e-001	-4.756416e+000	5.000000e+000
1.900225487593693e-002	2.629448e-002	-4.982545e+000	5.000000e+000
1.902178612593693e-002	2.531540e-001	-5.208289e+000	5.000000e+000
1.904131737593693e-002	4.762058e-001	-5.430252e+000	5.000000e+000
1.906084862593693e-002	6.920950e-001	-5.645096e+000	5.000000e+000
1.908037987593693e-002	8.975745e-001	-5.849589e+000	5.000000e+000
1.909991112593693e-002	1.089554e+000	-6.040656e+000	5.000000e+000
1.911944237593692e-002	1.265145e+000	-6.215423e+000	5.000000e+000
1.913897362593692e-002	1.421707e+000	-6.371261e+000	5.000000e+000
1.915850487593692e-002	1.556886e+000	-6.505826e+000	5.000000e+000
1.917803612593692e-002	1.668647e+000	-6.617094e+000	5.000000e+000
1.919756737593692e-002	1.755311e+000	-6.703393e+000	5.000000e+000
1.921709862593692e-002	1.815573e+000	-6.763422e+000	5.000000e+000
1.923662987593692e-002	1.848527e+000	-6.796281e+000	5.000000e+000
1.925616112593692e-002	1.853914e+000	-6.801709e+000	5.000000e+000
1.927503130873445e-002	1.832405e+000	-6.780372e+000	5.000000e+000
1.929456255873445e-002	1.782822e+000	-6.731100e+000	5.000000e+000
1.931409380873445e-002	1.706659e+000	-6.655378e+000	5.000000e+000
1.933362505873445e-002	1.604826e+000	-6.554110e+000	5.000000e+000
1.935315630873444e-002	1.478856e+000	-6.428818e+000	5.000000e+000
1.937268755873444e-002	1.330642e+000	-6.281387e+000	5.000000e+000
1.939221880873444e-002	1.162414e+000	-6.114037e+000	5.000000e+000
1.941175005873444e-002	9.767017e-001	-5.929281e+000	5.000000e+000
1.943128130873444e-002	7.762992e-001	-5.729901e+000	5.000000e+000
1.945081255873444e-002	5.642206e-001	-5.518895e+000	5.000000e+000
1.947034380873444e-002	3.436556e-001	-5.299437e+000	5.000000e+000
1.948987505873444e-002	1.179216e-001	-5.074827e+000	5.000000e+000
1.950940630873444e-002	-1.095860e-001	-4.848444e+000	5.000000e+000
1.952893755873444e-002	-3.354453e-001	-4.623692e+000	5.000000e+000
1.954846880873444e-002	-5.562593e-001	-4.403953e+000	5.000000e+000
1.956800005873444e-002	-7.687065e-001	-4.192531e+000	5.000000e+000
1.958753130873444e-002	-9.695917e-001	-3.992606e+000	5.000000e+000
1.960706255873444e-002	-1.155893e+000	-3.807186e+000	5.000000e+000
1.962659380873444e-002	-1.324809e+000	-3.639060e+000	5.000000e+000
1.964612505873444e-002	-1.473799e+000	-3.490755e+000	5.000000e+000
1.966565630873444e-002	-1.600621e+000	-3.364503e+000	5.000000e+000
1.968518755873444e-002	-1.703368e+000	-3.262203e+000	5.000000e+000
1.970471880873444e-002	-1.780496e+000	-3.185393e+000	5.000000e+000
1.972425005873444e-002	-1.830842e+000	-3.135229e+000	5.000000e+000
1.974378130873444e-002	-1.853876e+000	-3.112242e+000	5.000000e+000
1.976268763354278e-002	-1.849398e+000	-3.116631e+000	5.000000e+000
1.978221888354277e-002	-1.817183e+000	-3.148620e+000	5.000000e+000
1.980175013354277e-002	-1.757859e+000	-3.207585e+000	5.000000e+000
1.982128138354277e-002	-1.672096e+000	-3.292862e+000	5.000000e+000
1.984081263354277e-002	-1.561182e+000	-3.403168e+000	5.000000e+000
1.986034388354277e-002	-1.426787e+000	-3.536844e+000	5.000000e+000
1.987987513354277e-002	-1.270932e+000	-3.691880e+000	5.000000e+000
1.989940638354277e-002	-1.095960e+000	-3.865943e+000	5.000000e+000
1.991893763354277e-002	-9.045050e-001	-4.056416e+000	5.000000e+000
1.993846888354277e-002	-6.994448e-001	-4.260433e+000	5.000000e+000
1.995800013354277e-002	-4.838644e-001	-4.474926e+000	5.000000e+000
1.997753138354277e-002	-2.610061e-001	-4.696670e+000	5.000000e+000
1.999706263354277e-002	-3.429522e-002	-4.922254e+000	5.000000e+000
2.000000000000000e-002	1.315674e-005	-4.956393e+000	5.000000e+000
