t	vin	vout
-8.42643021	0.00427259	5.12711000
-8.38643021	0.00427259	5.12711000
-8.34643021	0.00427259	5.12711000
-8.30643021	-0.01324503	5.12711000
-8.26643021	-0.01324503	5.12711000
-8.22643021	-0.01324503	9.55229400
-8.18643021	-0.01324503	5.12711000
-8.14643021	0.00427259	5.12711000
-8.10643022	-0.01324503	5.12711000
-8.06643022	-0.01324503	5.12711000
-8.02643022	0.00427259	5.12711000
-7.98643022	0.00427259	5.12711000
-7.94643022	-0.01324503	5.12711000
-7.90643022	-0.01324503	5.12711000
-7.86643022	0.00427259	5.12711000
-7.82643022	0.00427259	5.12711000
-7.78643022	0.00427259	0.68666640
-7.74643022	-0.01324503	5.12711000
-7.70643022	-0.01324503	5.12711000
-7.66643022	-0.01324503	5.12711000
-7.62643022	0.00427259	5.12711000
-7.58643022	0.00427259	5.12711000
-7.54643022	-0.01324503	5.12711000
-7.50643022	-0.01324503	0.68666640
-7.46643022	-0.01324503	5.12711000
-7.42643022	0.00427259	5.12711000
-7.38643022	0.00427259	5.12711000
-7.34643022	0.00427259	5.12711000
-7.30643022	-0.01324503	5.12711000
-7.26643022	-0.01324503	5.12711000
-7.22643022	-0.01324503	5.12711000
-7.18643022	-0.01324503	5.12711000
-7.14643022	-0.01324503	5.12711000
-7.10643022	-0.01324503	0.68666640
-7.06643022	0.00427259	5.12711000
-7.02643022	0.00427259	5.12711000
-6.98643022	-0.01324503	5.12711000
-6.94643022	0.00427259	5.12711000
-6.90643022	-0.01324503	5.12711000
-6.86643022	-0.01324503	5.12711000
-6.82643022	0.00427259	5.12711000
-6.78643022	-0.01324503	5.12711000
-6.74643022	-0.01324503	5.12711000
-6.70643022	-0.01324503	5.12711000
-6.66643022	0.00427259	5.12711000
-6.62643022	0.00427259	5.12711000
-6.58643022	0.00427259	5.12711000
-6.54643022	0.00427259	5.12711000
-6.50643022	-0.01324503	5.12711000
-6.46643023	-0.01324503	5.12711000
-6.42643023	-0.03076266	5.12711000
-6.38643023	-0.06579791	5.12711000
-6.34643023	-0.10089420	5.12711000
-6.30643023	-0.15344710	5.12711000
-6.26643023	-0.20606100	5.12711000
-6.22643023	-0.24109620	5.12711000
-6.18643023	-0.29364910	5.12711000
-6.14643023	-0.34626300	5.12711000
-6.10643023	-0.38129830	5.12711000
-6.06643023	-0.43391220	0.68666640
-6.02643023	-0.48646510	5.12711000
-5.98643023	-0.52156140	0.68666640
-5.94643023	-0.55659660	5.12711000
-5.90643023	-0.59163190	0.68666640
-5.86643023	-0.62666710	5.12711000
-5.82643023	-0.66176340	0.68666640
-5.78643023	-0.69679860	5.12711000
-5.74643023	-0.71431630	0.68666640
-5.70643023	-0.74941250	5.12711000
-5.66643023	-0.76693020	5.12711000
-5.62643023	-0.76693020	13.99274000
-5.58643023	-0.78444780	22.87362000
-5.54643023	-0.80196550	9.55229400
-5.50643023	-0.80196550	5.12711000
-5.46643023	-0.81948300	0.68666640
-5.42643023	-0.85451840	0.68666640
-5.38643023	-0.87209700	5.12711000
-5.34643023	-0.87209700	5.12711000
-5.30643023	-0.87209700	5.12711000
-5.26643023	-0.90713210	0.68666640
-5.22643023	-0.90713210	0.68666640
-5.18643023	-0.92464980	0.68666640
-5.14643023	-0.92464980	9.55229400
-5.10643023	-0.94216750	9.55229400
-5.06643023	-0.94216750	5.12711000
-5.02643023	-0.94216750	5.12711000
-4.98643023	-0.94216750	5.12711000
-4.94643023	-0.94216750	5.12711000
-4.90643023	-0.95968510	5.12711000
-4.86643023	-0.95968510	5.12711000
-4.82643024	-0.97726370	5.12711000
-4.78643024	-0.97726370	5.12711000
-4.74643024	-0.97726370	5.12711000
-4.70643024	-0.97726370	5.12711000
-4.66643024	-0.97726370	5.12711000
-4.62643024	-0.97726370	5.12711000
-4.58643024	-0.97726370	5.12711000
-4.54643024	-0.97726370	5.12711000
-4.50643024	-0.97726370	5.12711000
-4.46643024	-0.99478140	9.55229400
-4.42643024	-0.97726370	5.12711000
-4.38643024	-0.99478140	5.12711000
-4.34643024	-0.99478140	5.12711000
-4.30643024	-0.99478140	9.55229400
-4.26643024	-0.97726370	9.55229400
-4.22643024	-0.97726370	9.55229400
-4.18643024	-0.99478140	9.55229400
-4.14643024	-0.97726370	5.12711000
-4.10643024	-0.99478140	9.55229400
-4.06643024	-0.99478140	9.55229400
-4.02643024	-0.97726370	9.55229400
-3.98643024	-0.99478140	13.99274000
-3.94643024	-0.99478140	5.12711000
-3.90643024	-0.97726370	13.99274000
-3.86643024	-0.99478140	9.55229400
-3.82643024	-0.99478140	9.55229400
-3.78643024	-0.97726370	9.55229400
-3.74643024	-0.99478140	13.99274000
-3.70643024	-0.99478140	13.99274000
-3.66643024	-0.99478140	13.99274000
-3.62643024	-0.99478140	13.99274000
-3.58643024	-0.99478140	13.99274000
-3.54643024	-0.97726370	13.99274000
-3.50643024	-0.99478140	13.99274000
-3.46643024	-0.99478140	13.99274000
-3.42643024	-0.99478140	13.99274000
-3.38643024	-0.99478140	18.43318000
-3.34643024	-0.99478140	13.99274000
-3.30643024	-0.99478140	18.43318000
-3.26643024	-0.99478140	18.43318000
-3.22643024	-0.99478140	18.43318000
-3.18643024	-0.99478140	18.43318000
-3.14643025	-0.99478140	18.43318000
-3.10643025	-0.99478140	18.43318000
-3.06643025	-0.97726370	18.43318000
-3.02643025	-0.99478140	18.43318000
-2.98643025	-0.99478140	22.87362000
-2.94643025	-0.99478140	22.87362000
-2.90643025	-0.99478140	18.43318000
-2.86643025	-0.99478140	22.87362000
-2.82643025	-0.99478140	18.43318000
-2.78643025	-0.99478140	22.87362000
-2.74643025	-0.97726370	18.43318000
-2.70643025	-0.99478140	22.87362000
-2.66643025	-0.97726370	22.87362000
-2.62643025	-0.99478140	22.87362000
-2.58643025	-0.99478140	22.87362000
-2.54643025	-0.99478140	22.87362000
-2.50643025	-0.99478140	22.87362000
-2.46643025	-0.99478140	22.87362000
-2.42643025	-0.99478140	22.87362000
-2.38643025	-0.97726370	22.87362000
-2.34643025	-0.99478140	27.29881000
-2.30643025	-0.99478140	27.29881000
-2.26643025	-0.99478140	27.29881000
-2.22643025	-0.99478140	27.29881000
-2.18643025	-0.97726370	31.72399000
-2.14643025	-0.99478140	27.29881000
-2.10643025	-0.97726370	31.72399000
-2.06643025	-0.99478140	27.29881000
-2.02643025	-0.99478140	31.72399000
-1.98643025	-0.99478140	31.72399000
-1.94643025	-0.97726370	31.72399000
-1.90643025	-0.99478140	36.16443000
-1.86643025	-0.99478140	31.72399000
-1.82643025	-0.99478140	31.72399000
-1.78643025	-0.99478140	31.72399000
-1.74643025	-0.97726370	36.16443000
-1.70643025	-0.97726370	31.72399000
-1.66643025	-0.99478140	36.16443000
-1.62643025	-0.99478140	36.16443000
-1.58643025	-0.99478140	36.16443000
-1.54643025	-0.97726370	36.16443000
-1.50643026	-0.97726370	36.16443000
-1.46643026	-0.99478140	40.60488000
-1.42643026	-0.97726370	36.16443000
-1.38643026	-0.99478140	40.60488000
-1.34643026	-0.99478140	36.16443000
-1.30643026	-0.97726370	45.04532000
-1.26643026	-0.95968510	40.60488000
-1.22643026	-0.94216750	45.04532000
-1.18643026	-0.90713210	40.60488000
-1.14643026	-0.88961460	45.04532000
-1.10643026	-0.87209700	40.60488000
-1.06643026	-0.85451840	45.04532000
-1.02643026	-0.81948300	45.04532000
-0.98643026	-0.78444780	45.04532000
-0.94643026	-0.73183390	45.04532000
-0.90643026	-0.71431630	49.47050000
-0.86643026	-0.66176340	49.47050000
-0.82643026	-0.62666710	49.47050000
-0.78643026	-0.59163190	45.04532000
-0.74643026	-0.57411420	49.47050000
-0.70643026	-0.52156140	49.47050000
-0.66643026	-0.50398270	53.91095000
-0.62643026	-0.48646510	49.47050000
-0.58643026	-0.46894740	53.91095000
-0.54643026	-0.43391220	53.91095000
-0.50643026	-0.41639450	53.91095000
-0.46643026	-0.38129830	53.91095000
-0.42643026	-0.36378060	53.91095000
-0.38643026	-0.34626300	53.91095000
-0.34643026	-0.34626300	58.35139000
-0.30643026	-0.31122780	58.35139000
-0.26643026	-0.29364910	58.35139000
-0.22643026	-0.29364910	58.35139000
-0.18643026	-0.27613150	58.35139000
-0.14643026	-0.24109620	58.35139000
-0.10643026	-0.24109620	62.79184000
-0.06643026	-0.22357860	58.35139000
-0.02643026	-0.20606100	62.79184000
0.01356974	-0.18854340	62.79184000
0.05356974	-0.17096470	62.79184000
0.09356974	-0.17096470	62.79184000
0.13356973	-0.15344710	62.79184000
0.17356973	-0.15344710	67.21702000
0.21356973	-0.13592950	67.21702000
0.25356973	-0.13592950	62.79184000
0.29356973	-0.11841180	67.21702000
0.33356973	-0.10089420	62.79184000
0.37356973	-0.10089420	67.21702000
0.41356973	-0.10089420	67.21702000
0.45356973	-0.08337657	71.65746000
0.49356973	-0.08337657	67.21702000
0.53356973	-0.06579791	67.21702000
0.57356973	-0.06579791	71.65746000
0.61356973	-0.06579791	71.65746000
0.65356973	-0.04828028	71.65746000
0.69356973	-0.04828028	71.65746000
0.73356973	-0.04828028	71.65746000
0.77356973	-0.04828028	71.65746000
0.81356973	-0.04828028	76.09790000
0.85356973	-0.03076266	71.65746000
0.89356973	-0.03076266	76.09790000
0.93356973	-0.03076266	76.09790000
0.97356973	-0.03076266	76.09790000
1.01356973	-0.03076266	76.09790000
1.05356973	-0.03076266	76.09790000
1.09356973	-0.03076266	76.09790000
1.13356973	-0.03076266	76.09790000
1.17356973	-0.01324503	76.09790000
1.21356973	-0.01324503	76.09790000
1.25356973	-0.03076266	80.53835000
1.29356973	-0.01324503	76.09790000
1.33356973	-0.01324503	76.09790000
1.37356973	-0.01324503	76.09790000
1.41356973	-0.01324503	80.53835000
1.45356973	-0.01324503	76.09790000
1.49356973	-0.01324503	80.53835000
1.53356973	-0.01324503	80.53835000
1.57356973	-0.01324503	80.53835000
1.61356973	-0.01324503	80.53835000
1.65356973	-0.01324503	80.53835000
1.69356973	-0.01324503	80.53835000
1.73356973	-0.01324503	80.53835000
1.77356972	-0.01324503	80.53835000
1.81356972	-0.01324503	80.53835000
1.85356972	-0.01324503	84.96352000
1.89356972	-0.01324503	84.96352000
1.93356972	-0.01324503	84.96352000
1.97356972	-0.01324503	84.96352000
2.01356972	0.00427259	84.96352000
2.05356972	-0.01324503	80.53835000
2.09356972	-0.01324503	84.96352000
2.13356972	-0.01324503	84.96352000
2.17356972	-0.01324503	89.40398000
2.21356972	-0.01324503	84.96352000
2.25356972	-0.01324503	89.40398000
2.29356972	-0.01324503	89.40398000
2.33356972	-0.01324503	89.40398000
2.37356972	-0.01324503	84.96352000
2.41356972	-0.01324503	89.40398000
2.45356972	-0.01324503	89.40398000
2.49356972	-0.01324503	89.40398000
2.53356972	-0.01324503	89.40398000
2.57356972	0.00427259	89.40398000
2.61356972	-0.01324503	89.40398000
2.65356972	-0.01324503	89.40398000
2.69356972	-0.01324503	89.40398000
2.73356972	-0.01324503	89.40398000
2.77356972	-0.01324503	89.40398000
2.81356972	0.00427259	93.84441000
2.85356972	-0.01324503	93.84441000
2.89356972	-0.01324503	89.40398000
2.93356972	-0.01324503	93.84441000
2.97356972	0.00427259	93.84441000
3.01356972	-0.01324503	93.84441000
3.05356972	-0.01324503	98.28486000
3.09356972	-0.01324503	93.84441000
3.13356972	0.00427259	93.84441000
3.17356972	0.00427259	93.84441000
3.21356972	0.00427259	98.28486000
3.25356972	0.00427259	98.28486000
3.29356972	0.00427259	98.28486000
3.33356972	-0.01324503	98.28486000
3.37356972	-0.01324503	102.72530000
3.41356971	0.00427259	93.84441000
3.45356971	-0.01324503	102.72530000
3.49356971	-0.01324503	98.28486000
3.53356971	0.00427259	102.72530000
3.57356971	-0.01324503	98.28486000
3.61356971	0.00427259	107.15050000
3.65356971	-0.01324503	98.28486000
3.69356971	-0.01324503	102.72530000
3.73356971	-0.01324503	98.28486000
3.77356971	-0.01324503	98.28486000
3.81356971	-0.01324503	98.28486000
3.85356971	-0.01324503	102.72530000
3.89356971	0.00427259	102.72530000
3.93356971	-0.01324503	98.28486000
3.97356971	-0.01324503	102.72530000
4.01356971	-0.01324503	102.72530000
4.05356971	0.00427259	102.72530000
4.09356971	0.00427259	102.72530000
4.13356971	-0.01324503	102.72530000
4.17356971	-0.01324503	102.72530000
4.21356971	-0.01324503	102.72530000
4.25356971	0.00427259	102.72530000
4.29356971	-0.01324503	102.72530000
4.33356971	-0.01324503	102.72530000
4.37356971	-0.01324503	107.15050000
4.41356971	-0.01324503	107.15050000
4.45356971	-0.01324503	98.28486000
4.49356971	-0.01324503	107.15050000
4.53356971	-0.01324503	102.72530000
4.57356971	-0.01324503	102.72530000
4.61356971	0.00427259	111.59090000
4.65356971	0.02179022	138.21830000
4.69356971	0.03930784	102.72530000
4.73356971	0.05682547	111.59090000
4.77356971	0.03930784	107.15050000
4.81356971	0.00427259	98.28486000
4.85356971	-0.01324503	102.72530000
4.89356971	0.00427259	107.15050000
4.93356971	0.00427259	107.15050000
4.97356971	-0.01324503	102.72530000
5.01356971	0.00427259	107.15050000
5.05356970	0.00427259	111.59090000
5.09356970	0.00427259	107.15050000
5.13356970	-0.01324503	107.15050000
5.17356970	-0.01324503	107.15050000
5.21356970	-0.01324503	107.15050000
5.25356970	-0.01324503	107.15050000
5.29356970	-0.01324503	111.59090000
5.33356970	-0.01324503	111.59090000
5.37356970	-0.01324503	107.15050000
5.41356970	-0.01324503	111.59090000
5.45356970	-0.01324503	111.59090000
5.49356970	-0.01324503	111.59090000
5.53356970	-0.01324503	107.15050000
5.57356970	-0.01324503	107.15050000
5.61356970	0.00427259	111.59090000
5.65356970	-0.01324503	107.15050000
5.69356970	-0.01324503	107.15050000
5.73356970	-0.01324503	107.15050000
5.77356970	-0.01324503	107.15050000
5.81356970	-0.01324503	111.59090000
5.85356970	-0.01324503	107.15050000
5.89356970	-0.01324503	107.15050000
5.93356970	-0.01324503	111.59090000
5.97356970	-0.01324503	107.15050000
6.01356970	-0.01324503	111.59090000
6.05356970	-0.01324503	107.15050000
6.09356970	0.00427259	116.03140000
6.13356970	-0.01324503	111.59090000
6.17356970	-0.01324503	111.59090000
6.21356970	-0.01324503	111.59090000
6.25356970	0.00427259	111.59090000
6.29356970	-0.01324503	111.59090000
6.33356970	-0.01324503	111.59090000
6.37356970	0.00427259	111.59090000
6.41356970	0.00427259	111.59090000
6.45356970	-0.01324503	111.59090000
6.49356970	-0.01324503	111.59090000
6.53356970	-0.01324503	111.59090000
6.57356970	-0.01324503	107.15050000
6.61356970	-0.01324503	111.59090000
6.65356970	-0.01324503	111.59090000
6.69356969	-0.01324503	111.59090000
6.73356969	-0.01324503	111.59090000
6.77356969	0.00427259	111.59090000
6.81356969	0.00427259	111.59090000
6.85356969	-0.01324503	111.59090000
6.89356969	-0.01324503	111.59090000
6.93356969	0.00427259	111.59090000
6.97356969	-0.01324503	111.59090000
7.01356969	-0.01324503	111.59090000
7.05356969	-0.01324503	111.59090000
7.09356969	-0.01324503	111.59090000
7.13356969	-0.01324503	116.03140000
7.17356969	-0.01324503	111.59090000
7.21356969	-0.01324503	111.59090000
7.25356969	0.00427259	111.59090000
7.29356969	-0.01324503	111.59090000
7.33356969	0.00427259	111.59090000
7.37356969	-0.01324503	111.59090000
7.41356969	-0.01324503	111.59090000
7.45356969	-0.01324503	111.59090000
7.49356969	-0.01324503	111.59090000
7.53356969	-0.01324503	111.59090000
7.57356969	-0.01324503	116.03140000
7.61356969	-0.01324503	111.59090000
7.65356969	0.00427259	111.59090000
7.69356969	0.00427259	111.59090000
7.73356969	-0.01324503	111.59090000
7.77356969	-0.01324503	111.59090000
7.81356969	-0.01324503	111.59090000
7.85356969	-0.01324503	111.59090000
7.89356969	-0.01324503	111.59090000
7.93356969	-0.01324503	111.59090000
7.97356969	-0.01324503	111.59090000
8.01356969	0.00427259	111.59090000
8.05356969	0.00427259	111.59090000
8.09356969	-0.01324503	111.59090000
8.13356969	-0.01324503	111.59090000
8.17356969	0.00427259	116.03140000
8.21356969	-0.01324503	111.59090000
8.25356969	-0.01324503	111.59090000
8.29356969	0.00427259	111.59090000
8.33356968	0.00427259	111.59090000
8.37356968	-0.01324503	111.59090000
8.41356968	-0.01324503	111.59090000
8.45356968	-0.01324503	111.59090000
8.49356968	-0.01324503	111.59090000
8.53356968	-0.01324503	111.59090000
8.57356968	-0.01324503	116.03140000
8.61356968	0.00427259	116.03140000
8.65356968	-0.01324503	111.59090000
8.69356968	0.00427259	107.15050000
8.73356968	-0.01324503	111.59090000
8.77356968	-0.01324503	111.59090000
8.81356968	-0.01324503	116.03140000
8.85356968	-0.01324503	111.59090000
8.89356968	0.00427259	111.59090000
8.93356968	-0.01324503	111.59090000
8.97356968	0.00427259	111.59090000
9.01356968	-0.01324503	111.59090000
9.05356968	0.00427259	111.59090000
9.09356968	-0.01324503	111.59090000
9.13356968	-0.01324503	111.59090000
9.17356968	-0.01324503	111.59090000
9.21356968	-0.01324503	111.59090000
9.25356968	-0.01324503	111.59090000
9.29356968	-0.01324503	111.59090000
9.33356968	-0.01324503	111.59090000
9.37356968	-0.01324503	111.59090000
9.41356968	-0.01324503	111.59090000
9.45356968	0.00427259	111.59090000
9.49356968	-0.01324503	111.59090000
9.53356968	-0.01324503	111.59090000
9.57356968	-0.01324503	102.72530000
9.61356968	-0.01324503	107.15050000
9.65356968	-0.03076266	89.40398000
9.69356968	-0.04828028	116.03140000
9.73356968	-0.01324503	111.59090000
9.77356968	-0.01324503	116.03140000
9.81356968	-0.01324503	107.15050000
9.85356968	-0.01324503	107.15050000
9.89356968	-0.01324503	111.59090000
9.93356968	-0.01324503	116.03140000
9.97356968	-0.01324503	116.03140000
10.01356967	-0.01324503	116.03140000
10.05356967	-0.01324503	107.15050000
10.09356967	0.00427259	107.15050000
10.13356967	-0.01324503	111.59090000
10.17356967	-0.01324503	111.59090000
10.21356967	0.00427259	111.59090000
10.25356967	0.00427259	111.59090000
10.29356967	0.00427259	111.59090000
10.33356967	-0.01324503	107.15050000
10.37356967	0.00427259	111.59090000
10.41356967	-0.01324503	111.59090000
10.45356967	0.00427259	111.59090000
10.49356967	-0.01324503	111.59090000
10.53356967	-0.01324503	107.15050000
10.57356967	-0.01324503	111.59090000
10.61356967	-0.01324503	111.59090000
10.65356967	-0.01324503	111.59090000
10.69356967	-0.01324503	111.59090000
10.73356967	-0.01324503	111.59090000
10.77356967	-0.01324503	111.59090000
10.81356967	0.00427259	111.59090000
10.85356967	0.00427259	107.15050000
10.89356967	0.00427259	111.59090000
10.93356967	-0.01324503	111.59090000
10.97356967	0.00427259	111.59090000
11.01356967	0.00427259	107.15050000
11.05356967	-0.01324503	111.59090000
11.09356967	-0.01324503	107.15050000
11.13356967	-0.01324503	107.15050000
11.17356967	-0.01324503	107.15050000
11.21356967	-0.01324503	111.59090000
11.25356967	-0.01324503	111.59090000
11.29356967	0.00427259	107.15050000
11.33356967	-0.01324503	111.59090000
11.37356967	-0.01324503	111.59090000
11.41356967	-0.01324503	111.59090000
11.45356967	-0.01324503	107.15050000
11.49356967	-0.01324503	111.59090000
11.53356967	-0.01324503	107.15050000
11.57356967	0.00427259	111.59090000
11.61356967	-0.01324503	107.15050000
11.65356966	-0.01324503	107.15050000
11.69356966	-0.01324503	107.15050000
11.73356966	-0.01324503	107.15050000
11.77356966	-0.01324503	111.59090000
11.81356966	-0.01324503	107.15050000
11.85356966	-0.01324503	107.15050000
11.89356966	-0.01324503	111.59090000
11.93356966	-0.01324503	107.15050000
11.97356966	-0.01324503	107.15050000
12.01356966	-0.01324503	107.15050000
12.05356966	0.00427259	107.15050000
12.09356966	-0.01324503	107.15050000
12.13356966	-0.01324503	107.15050000
12.17356966	-0.01324503	107.15050000
12.21356966	0.00427259	111.59090000
12.25356966	0.00427259	107.15050000
12.29356966	-0.01324503	107.15050000
12.33356966	-0.01324503	107.15050000
12.37356966	-0.01324503	107.15050000
12.41356966	-0.01324503	107.15050000
12.45356966	0.00427259	107.15050000
12.49356966	-0.01324503	107.15050000
12.53356966	-0.01324503	107.15050000
12.57356966	0.00427259	107.15050000
12.61356966	-0.01324503	107.15050000
12.65356966	-0.01324503	107.15050000
12.69356966	-0.01324503	102.72530000
12.73356966	-0.01324503	107.15050000
12.77356966	0.00427259	107.15050000
12.81356966	-0.01324503	107.15050000
12.85356966	-0.01324503	107.15050000
12.89356966	-0.01324503	102.72530000
12.93356966	-0.01324503	107.15050000
12.97356966	-0.01324503	102.72530000
13.01356966	-0.01324503	107.15050000
13.05356966	0.00427259	102.72530000
13.09356966	-0.01324503	107.15050000
13.13356966	0.00427259	102.72530000
13.17356966	0.00427259	102.72530000
13.21356966	-0.01324503	102.72530000
13.25356966	-0.01324503	102.72530000
13.29356965	-0.01324503	107.15050000
13.33356965	-0.01324503	102.72530000
13.37356965	-0.01324503	102.72530000
13.41356965	-0.01324503	102.72530000
13.45356965	-0.01324503	107.15050000
13.49356965	-0.01324503	102.72530000
13.53356965	-0.01324503	102.72530000
13.57356965	-0.01324503	102.72530000
13.61356965	-0.01324503	102.72530000
13.65356965	-0.01324503	102.72530000
13.69356965	0.00427259	102.72530000
13.73356965	-0.01324503	102.72530000
13.77356965	-0.01324503	102.72530000
13.81356965	-0.01324503	102.72530000
13.85356965	0.00427259	102.72530000
13.89356965	0.00427259	102.72530000
13.93356965	-0.01324503	98.28486000
13.97356965	-0.01324503	102.72530000
14.01356965	-0.01324503	98.28486000
14.05356965	0.00427259	102.72530000
14.09356965	0.00427259	102.72530000
14.13356965	0.00427259	102.72530000
14.17356965	0.00427259	98.28486000
14.21356965	0.00427259	98.28486000
14.25356965	-0.01324503	98.28486000
14.29356965	-0.01324503	98.28486000
14.33356965	-0.01324503	98.28486000
14.37356965	-0.01324503	98.28486000
14.41356965	-0.01324503	98.28486000
14.45356965	-0.01324503	98.28486000
14.49356965	-0.01324503	102.72530000
14.53356965	-0.01324503	98.28486000
14.57356965	-0.01324503	102.72530000
14.61356965	-0.01324503	98.28486000
14.65356965	0.00427259	98.28486000
14.69356965	0.00427259	98.28486000
14.73356965	0.00427259	98.28486000
14.77356965	-0.01324503	98.28486000
14.81356965	0.00427259	98.28486000
14.85356965	-0.01324503	98.28486000
14.89356965	0.00427259	98.28486000
14.93356964	-0.01324503	98.28486000
14.97356964	-0.01324503	98.28486000
15.01356964	-0.01324503	93.84441000
15.05356964	-0.01324503	98.28486000
15.09356964	0.00427259	93.84441000
15.13356964	0.00427259	98.28486000
15.17356964	0.00427259	98.28486000
15.21356964	-0.01324503	98.28486000
15.25356964	0.00427259	93.84441000
15.29356964	-0.01324503	98.28486000
15.33356964	0.00427259	98.28486000
15.37356964	0.00427259	98.28486000
15.41356964	0.00427259	98.28486000
15.45356964	0.00427259	102.72530000
15.49356964	0.00427259	98.28486000
15.53356964	0.00427259	98.28486000
15.57356964	0.00427259	98.28486000
15.61356964	-0.01324503	98.28486000
15.65356964	-0.01324503	98.28486000
15.69356964	-0.01324503	98.28486000
15.73356964	-0.01324503	98.28486000
15.77356964	0.00427259	98.28486000
15.81356964	-0.01324503	93.84441000
15.85356964	-0.01324503	93.84441000
15.89356964	0.00427259	98.28486000
15.93356964	0.00427259	98.28486000
15.97356964	-0.01324503	98.28486000
16.01356964	-0.01324503	98.28486000
16.05356964	-0.01324503	93.84441000
16.09356964	0.00427259	98.28486000
16.13356964	0.00427259	93.84441000
16.17356964	-0.01324503	98.28486000
16.21356964	0.00427259	93.84441000
16.25356964	-0.01324503	93.84441000
16.29356964	-0.01324503	93.84441000
16.33356964	-0.01324503	93.84441000
16.37356964	-0.01324503	93.84441000
16.41356964	-0.01324503	93.84441000
16.45356964	0.00427259	93.84441000
16.49356964	-0.01324503	93.84441000
16.53356964	-0.01324503	93.84441000
16.57356963	0.00427259	93.84441000
16.61356963	-0.01324503	98.28486000
16.65356963	0.00427259	93.84441000
16.69356963	0.00427259	93.84441000
16.73356963	0.00427259	93.84441000
16.77356963	0.00427259	93.84441000
16.81356963	-0.01324503	93.84441000
16.85356963	-0.01324503	93.84441000
16.89356963	-0.01324503	93.84441000
16.93356963	-0.01324503	93.84441000
16.97356963	0.00427259	89.40398000
17.01356963	-0.01324503	93.84441000
17.05356963	0.00427259	93.84441000
17.09356963	0.00427259	89.40398000
17.13356963	-0.01324503	89.40398000
17.17356963	-0.01324503	93.84441000
17.21356963	0.00427259	93.84441000
17.25356963	-0.01324503	89.40398000
17.29356963	-0.01324503	93.84441000
17.33356963	0.00427259	89.40398000
17.37356963	0.00427259	93.84441000
17.41356963	0.00427259	93.84441000
17.45356963	-0.01324503	89.40398000
17.49356963	0.00427259	89.40398000
17.53356963	-0.01324503	89.40398000
17.57356963	-0.01324503	89.40398000
17.61356963	-0.01324503	89.40398000
17.65356963	-0.01324503	89.40398000
17.69356963	0.00427259	93.84441000
17.73356963	-0.01324503	89.40398000
17.77356963	-0.01324503	89.40398000
17.81356963	0.00427259	89.40398000
17.85356963	0.00427259	89.40398000
17.89356963	-0.01324503	89.40398000
17.93356963	-0.01324503	89.40398000
17.97356963	-0.01324503	89.40398000
18.01356963	-0.01324503	89.40398000
18.05356963	-0.01324503	89.40398000
18.09356963	0.00427259	89.40398000
18.13356963	-0.01324503	93.84441000
18.17356963	-0.01324503	80.53835000
18.21356962	0.00427259	93.84441000
18.25356962	0.00427259	84.96352000
18.29356962	-0.01324503	93.84441000
18.33356962	0.00427259	84.96352000
18.37356962	-0.01324503	89.40398000
18.41356962	-0.01324503	84.96352000
18.45356962	0.00427259	89.40398000
18.49356962	0.00427259	84.96352000
18.53356962	-0.01324503	89.40398000
18.57356962	0.00427259	84.96352000
18.61356962	0.00427259	89.40398000
18.65356962	0.00427259	84.96352000
18.69356962	0.00427259	84.96352000
18.73356962	-0.01324503	89.40398000
18.77356962	-0.01324503	84.96352000
18.81356962	-0.01324503	89.40398000
18.85356962	-0.01324503	84.96352000
18.89356962	-0.01324503	89.40398000
18.93356962	-0.01324503	89.40398000
18.97356962	-0.01324503	84.96352000
19.01356962	-0.01324503	84.96352000
19.05356962	-0.01324503	84.96352000
19.09356962	-0.01324503	84.96352000
19.13356962	-0.01324503	84.96352000
19.17356962	-0.01324503	84.96352000
19.21356962	-0.01324503	80.53835000
19.25356962	-0.01324503	84.96352000
19.29356962	0.00427259	80.53835000
19.33356962	0.00427259	84.96352000
19.37356962	0.00427259	80.53835000
19.41356962	0.00427259	84.96352000
19.45356962	-0.01324503	84.96352000
19.49356962	0.00427259	84.96352000
19.53356962	-0.01324503	80.53835000
19.57356962	0.00427259	84.96352000
19.61356962	0.00427259	84.96352000
19.65356962	0.00427259	80.53835000
19.69356962	-0.01324503	84.96352000
19.73356962	0.00427259	80.53835000
19.77356962	0.00427259	84.96352000
19.81356962	-0.01324503	80.53835000
19.85356961	-0.03076266	45.04532000
19.89356961	-0.03076266	67.21702000
19.93356961	-0.04828028	80.53835000
19.97356961	-0.03076266	84.96352000
20.01356961	-0.03076266	80.53835000
20.05356961	-0.01324503	84.96352000
20.09356961	0.00427259	89.40398000
20.13356961	-0.01324503	71.65746000
20.17356961	-0.01324503	76.09790000
20.21356961	-0.01324503	80.53835000
20.25356961	-0.01324503	80.53835000
20.29356961	-0.01324503	76.09790000
20.33356961	-0.01324503	80.53835000
20.37356961	-0.01324503	80.53835000
20.41356961	-0.01324503	80.53835000
20.45356961	-0.01324503	76.09790000
20.49356961	0.00427259	80.53835000
20.53356961	0.00427259	80.53835000
20.57356961	0.00427259	80.53835000
20.61356961	0.00427259	80.53835000
20.65356961	-0.01324503	80.53835000
20.69356961	-0.01324503	80.53835000
20.73356961	-0.01324503	80.53835000
20.77356961	-0.01324503	80.53835000
20.81356961	-0.01324503	80.53835000
20.85356961	-0.01324503	80.53835000
20.89356961	0.00427259	76.09790000
20.93356961	0.00427259	76.09790000
20.97356961	-0.01324503	80.53835000
21.01356961	0.00427259	80.53835000
21.05356961	-0.01324503	80.53835000
21.09356961	-0.01324503	76.09790000
21.13356961	-0.01324503	80.53835000
21.17356961	0.00427259	76.09790000
21.21356961	0.00427259	80.53835000
21.25356961	0.00427259	80.53835000
21.29356961	-0.01324503	76.09790000
21.33356961	-0.01324503	76.09790000
21.37356961	-0.01324503	80.53835000
21.41356961	-0.01324503	76.09790000
21.45356961	-0.01324503	76.09790000
21.49356961	-0.01324503	76.09790000
21.53356960	0.00427259	80.53835000
21.57356960	-0.01324503	76.09790000
21.61356960	-0.01324503	76.09790000
21.65356960	0.00427259	76.09790000
21.69356960	-0.01324503	76.09790000
21.73356960	-0.01324503	76.09790000
21.77356960	0.00427259	76.09790000
21.81356960	0.00427259	76.09790000
21.85356960	0.00427259	76.09790000
21.89356960	-0.01324503	76.09790000
21.93356960	-0.01324503	76.09790000
21.97356960	-0.01324503	76.09790000
22.01356960	-0.01324503	76.09790000
22.05356960	0.00427259	76.09790000
22.09356960	-0.01324503	76.09790000
22.13356960	-0.01324503	76.09790000
22.17356960	0.00427259	76.09790000
22.21356960	0.00427259	76.09790000
22.25356960	0.00427259	76.09790000
22.29356960	-0.01324503	76.09790000
22.33356960	-0.01324503	76.09790000
22.37356960	-0.01324503	71.65746000
22.41356960	-0.01324503	76.09790000
22.45356960	0.00427259	71.65746000
22.49356960	-0.01324503	76.09790000
22.53356960	0.00427259	76.09790000
22.57356960	0.00427259	76.09790000
22.61356960	0.00427259	71.65746000
22.65356960	0.00427259	71.65746000
22.69356960	-0.01324503	71.65746000
22.73356960	0.00427259	76.09790000
22.77356960	-0.01324503	71.65746000
22.81356960	-0.01324503	71.65746000
22.85356960	0.00427259	71.65746000
22.89356960	0.00427259	71.65746000
22.93356960	0.00427259	76.09790000
22.97356960	-0.01324503	71.65746000
23.01356960	0.00427259	71.65746000
23.05356960	-0.01324503	71.65746000
23.09356960	0.00427259	71.65746000
23.13356960	0.00427259	71.65746000
23.17356959	0.00427259	71.65746000
23.21356959	0.00427259	71.65746000
23.25356959	0.00427259	71.65746000
23.29356959	-0.01324503	71.65746000
23.33356959	0.00427259	71.65746000
23.37356959	0.00427259	71.65746000
23.41356959	-0.01324503	71.65746000
23.45356959	0.00427259	67.21702000
23.49356959	-0.01324503	67.21702000
23.53356959	0.00427259	71.65746000
23.57356959	0.00427259	71.65746000
23.61356959	-0.01324503	67.21702000
23.65356959	-0.01324503	67.21702000
23.69356959	0.00427259	67.21702000
23.73356959	0.00427259	67.21702000
23.77356959	-0.01324503	67.21702000
23.81356959	0.00427259	67.21702000
23.85356959	0.00427259	71.65746000
23.89356959	0.00427259	71.65746000
23.93356959	0.00427259	67.21702000
23.97356959	0.00427259	71.65746000
24.01356959	0.00427259	67.21702000
24.05356959	-0.01324503	67.21702000
24.09356959	0.00427259	67.21702000
24.13356959	0.00427259	71.65746000
24.17356959	0.00427259	67.21702000
24.21356959	-0.01324503	67.21702000
24.25356959	0.00427259	67.21702000
24.29356959	-0.01324503	67.21702000
24.33356959	-0.01324503	67.21702000
24.37356959	-0.01324503	67.21702000
24.41356959	0.00427259	67.21702000
24.45356959	-0.01324503	67.21702000
24.49356959	-0.01324503	62.79184000
24.53356959	-0.01324503	71.65746000
24.57356959	0.00427259	67.21702000
24.61356959	-0.01324503	67.21702000
24.65356959	-0.01324503	67.21702000
24.69356959	0.00427259	67.21702000
24.73356959	-0.01324503	67.21702000
24.77356959	-0.01324503	67.21702000
24.81356958	-0.01324503	71.65746000
24.85356958	0.00427259	80.53835000
24.89356958	0.02179022	76.09790000
24.93356958	0.03930784	76.09790000
24.97356958	0.02179022	67.21702000
25.01356958	0.00427259	58.35139000
25.05356958	0.00427259	67.21702000
25.09356958	0.00427259	67.21702000
25.13356958	0.00427259	71.65746000
25.17356958	0.00427259	67.21702000
25.21356958	-0.01324503	67.21702000
25.25356958	-0.01324503	58.35139000
25.29356958	0.00427259	67.21702000
25.33356958	0.00427259	67.21702000
25.37356958	0.00427259	62.79184000
25.41356958	0.00427259	67.21702000
25.45356958	-0.01324503	62.79184000
25.49356958	0.00427259	62.79184000
25.53356958	-0.01324503	58.35139000
25.57356958	0.00427259	62.79184000
25.61356958	0.00427259	58.35139000
25.65356958	-0.01324503	62.79184000
25.69356958	-0.01324503	58.35139000
25.73356958	-0.01324503	62.79184000
25.77356958	0.00427259	58.35139000
25.81356958	0.00427259	58.35139000
25.85356958	-0.01324503	58.35139000
25.89356958	-0.01324503	62.79184000
25.93356958	-0.01324503	58.35139000
25.97356958	-0.01324503	58.35139000
26.01356958	-0.01324503	58.35139000
26.05356958	-0.01324503	58.35139000
26.09356958	0.00427259	62.79184000
26.13356958	-0.01324503	58.35139000
26.17356958	-0.01324503	58.35139000
26.21356958	0.00427259	58.35139000
26.25356958	0.00427259	58.35139000
26.29356958	-0.01324503	58.35139000
26.33356958	0.00427259	58.35139000
26.37356958	-0.01324503	58.35139000
26.41356958	0.00427259	58.35139000
26.45356957	0.00427259	58.35139000
26.49356957	0.00427259	58.35139000
26.53356957	-0.01324503	62.79184000
26.57356957	-0.01324503	58.35139000
26.61356957	-0.01324503	58.35139000
26.65356957	0.00427259	58.35139000
26.69356957	-0.01324503	58.35139000
26.73356957	-0.01324503	58.35139000
26.77356957	0.00427259	58.35139000
26.81356957	-0.01324503	58.35139000
26.85356957	0.00427259	58.35139000
26.89356957	0.00427259	58.35139000
26.93356957	0.00427259	58.35139000
26.97356957	-0.01324503	58.35139000
27.01356957	-0.01324503	58.35139000
27.05356957	-0.01324503	58.35139000
27.09356957	0.00427259	53.91095000
27.13356957	0.00427259	58.35139000
27.17356957	-0.01324503	58.35139000
27.21356957	-0.01324503	58.35139000
27.25356957	-0.01324503	58.35139000
27.29356957	-0.01324503	58.35139000
27.33356957	0.00427259	58.35139000
27.37356957	-0.01324503	53.91095000
27.41356957	-0.01324503	53.91095000
27.45356957	-0.01324503	53.91095000
27.49356957	0.00427259	58.35139000
27.53356957	0.00427259	53.91095000
27.57356957	0.00427259	58.35139000
27.61356957	0.00427259	58.35139000
27.65356957	0.00427259	53.91095000
27.69356957	0.00427259	58.35139000
27.73356957	0.00427259	58.35139000
27.77356957	-0.01324503	58.35139000
27.81356957	-0.01324503	53.91095000
27.85356957	0.00427259	58.35139000
27.89356957	0.00427259	53.91095000
27.93356957	-0.01324503	53.91095000
27.97356957	-0.01324503	53.91095000
28.01356957	0.00427259	58.35139000
28.05356957	0.00427259	58.35139000
28.09356956	-0.01324503	53.91095000
28.13356956	-0.01324503	53.91095000
28.17356956	0.00427259	53.91095000
28.21356956	-0.01324503	53.91095000
28.25356956	-0.01324503	53.91095000
28.29356956	0.00427259	58.35139000
28.33356956	0.00427259	53.91095000
28.37356956	0.00427259	53.91095000
28.41356956	0.00427259	53.91095000
28.45356956	-0.01324503	53.91095000
28.49356956	-0.01324503	53.91095000
28.53356956	-0.01324503	53.91095000
28.57356956	0.00427259	53.91095000
28.61356956	-0.01324503	58.35139000
28.65356956	-0.01324503	58.35139000
28.69356956	-0.01324503	49.47050000
28.73356956	-0.01324503	53.91095000
28.77356956	0.00427259	53.91095000
28.81356956	-0.01324503	53.91095000
28.85356956	-0.01324503	53.91095000
28.89356956	-0.01324503	53.91095000
28.93356956	0.00427259	53.91095000
28.97356956	0.00427259	53.91095000
29.01356956	0.00427259	53.91095000
29.05356956	0.00427259	53.91095000
29.09356956	-0.01324503	53.91095000
29.13356956	0.00427259	53.91095000
29.17356956	-0.01324503	49.47050000
29.21356956	0.00427259	49.47050000
29.25356956	-0.01324503	53.91095000
29.29356956	0.00427259	49.47050000
29.33356956	-0.01324503	53.91095000
29.37356956	-0.01324503	49.47050000
29.41356956	-0.01324503	53.91095000
29.45356956	-0.01324503	49.47050000
29.49356956	0.00427259	49.47050000
29.53356956	0.00427259	49.47050000
29.57356956	0.00427259	53.91095000
29.61356956	0.00427259	49.47050000
29.65356956	-0.01324503	49.47050000
29.69356956	-0.01324503	49.47050000
29.73356955	-0.01324503	53.91095000
29.77356955	-0.01324503	49.47050000
29.81356955	-0.01324503	49.47050000
29.85356955	0.00427259	49.47050000
29.89356955	-0.01324503	49.47050000
29.93356955	0.00427259	49.47050000
29.97356955	-0.01324503	49.47050000
30.01356955	0.00427259	49.47050000
30.05356955	-0.01324503	49.47050000
30.09356955	0.00427259	49.47050000
30.13356955	0.00427259	49.47050000
30.17356955	-0.01324503	49.47050000
30.21356955	0.00427259	49.47050000
30.25356955	-0.01324503	49.47050000
30.29356955	0.00427259	49.47050000
30.33356955	0.00427259	49.47050000
30.37356955	0.00427259	49.47050000
30.41356955	0.00427259	49.47050000
30.45356955	-0.01324503	49.47050000
30.49356955	-0.01324503	49.47050000
30.53356955	0.00427259	49.47050000
30.57356955	0.00427259	49.47050000
30.61356955	-0.01324503	49.47050000
30.65356955	0.00427259	49.47050000
30.69356955	0.00427259	49.47050000
30.73356955	-0.01324503	49.47050000
30.77356955	-0.01324503	49.47050000
30.81356955	-0.01324503	45.04532000
30.85356955	-0.01324503	49.47050000
30.89356955	-0.01324503	45.04532000
30.93356955	0.00427259	49.47050000
30.97356955	0.00427259	45.04532000
31.01356955	0.00427259	45.04532000
31.05356955	0.00427259	45.04532000
31.09356955	0.00427259	49.47050000
31.13356955	-0.01324503	45.04532000
31.17356955	0.00427259	49.47050000
31.21356955	0.00427259	45.04532000
31.25356955	0.00427259	45.04532000
31.29356955	0.00427259	45.04532000
31.33356955	0.00427259	45.04532000
31.37356954	-0.01324503	49.47050000
31.41356954	0.00427259	45.04532000
31.45356954	0.00427259	45.04532000
31.49356954	-0.01324503	45.04532000
31.53356954	0.00427259	45.04532000
31.57356954	-0.01324503	45.04532000
31.61356954	0.00427259	45.04532000
31.65356954	-0.01324503	45.04532000
31.69356954	-0.01324503	45.04532000
31.73356954	0.00427259	45.04532000
31.77356954	0.00427259	49.47050000
31.81356954	-0.01324503	49.47050000
31.85356954	-0.01324503	40.60488000
31.89356954	0.00427259	45.04532000
31.93356954	0.00427259	45.04532000
31.97356954	0.00427259	45.04532000
32.01356954	0.00427259	45.04532000
32.05356954	0.00427259	45.04532000
32.09356954	-0.01324503	40.60488000
32.13356954	0.00427259	45.04532000
32.17356954	-0.01324503	45.04532000
32.21356954	0.00427259	45.04532000
32.25356954	-0.01324503	45.04532000
32.29356954	0.00427259	45.04532000
32.33356954	0.00427259	45.04532000
32.37356954	-0.01324503	45.04532000
32.41356954	0.00427259	49.47050000
32.45356954	-0.01324503	40.60488000
32.49356954	-0.01324503	45.04532000
32.53356954	-0.01324503	40.60488000
32.57356954	-0.01324503	45.04532000
32.61356954	0.00427259	40.60488000
32.65356954	0.00427259	45.04532000
32.69356954	-0.01324503	40.60488000
32.73356954	-0.01324503	45.04532000
32.77356954	0.00427259	40.60488000
32.81356954	0.00427259	45.04532000
32.85356954	0.00427259	40.60488000
32.89356954	0.00427259	45.04532000
32.93356954	0.00427259	40.60488000
32.97356954	-0.01324503	45.04532000
33.01356954	0.00427259	40.60488000
33.05356953	-0.01324503	45.04532000
33.09356953	-0.01324503	40.60488000
33.13356953	-0.01324503	45.04532000
33.17356953	0.00427259	40.60488000
33.21356953	0.00427259	40.60488000
33.25356953	-0.01324503	40.60488000
33.29356953	-0.01324503	40.60488000
33.33356953	0.00427259	40.60488000
33.37356953	-0.01324503	40.60488000
33.41356953	-0.01324503	40.60488000
33.45356953	-0.01324503	40.60488000
33.49356953	0.00427259	40.60488000
33.53356953	-0.01324503	40.60488000
33.57356953	-0.01324503	40.60488000
33.61356953	0.00427259	40.60488000
33.65356953	-0.01324503	40.60488000
33.69356953	0.00427259	40.60488000
33.73356953	-0.01324503	40.60488000
33.77356953	-0.01324503	40.60488000
33.81356953	-0.01324503	40.60488000
33.85356953	-0.01324503	40.60488000
33.89356953	-0.01324503	40.60488000
33.93356953	0.00427259	40.60488000
33.97356953	-0.01324503	36.16443000
34.01356953	-0.01324503	40.60488000
34.05356953	0.00427259	40.60488000
34.09356953	-0.01324503	40.60488000
34.13356953	0.00427259	40.60488000
34.17356953	0.00427259	40.60488000
34.21356953	-0.01324503	40.60488000
34.25356953	0.00427259	40.60488000
34.29356953	-0.01324503	40.60488000
34.33356953	-0.01324503	40.60488000
34.37356953	0.00427259	40.60488000
34.41356953	-0.01324503	40.60488000
34.45356953	0.00427259	40.60488000
34.49356953	0.00427259	40.60488000
34.53356953	-0.01324503	40.60488000
34.57356953	-0.01324503	36.16443000
34.61356953	0.00427259	40.60488000
34.65356953	0.00427259	40.60488000
34.69356952	0.00427259	40.60488000
34.73356952	0.00427259	36.16443000
34.77356952	0.00427259	36.16443000
34.81356952	0.00427259	40.60488000
34.85356952	0.00427259	40.60488000
34.89356952	0.00427259	40.60488000
34.93356952	-0.01324503	40.60488000
34.97356952	-0.01324503	40.60488000
35.01356952	-0.01324503	36.16443000
35.05356952	0.00427259	40.60488000
35.09356952	-0.01324503	27.29881000
35.13356952	-0.03076266	36.16443000
35.17356952	-0.01324503	36.16443000
35.21356952	-0.03076266	31.72399000
35.25356952	-0.01324503	40.60488000
35.29356952	-0.01324503	45.04532000
35.33356952	-0.01324503	36.16443000
35.37356952	0.00427259	36.16443000
35.41356952	0.00427259	40.60488000
35.45356952	-0.01324503	36.16443000
35.49356952	-0.01324503	36.16443000
35.53356952	-0.01324503	31.72399000
35.57356952	-0.01324503	36.16443000
35.61356952	0.00427259	36.16443000
35.65356952	-0.01324503	40.60488000
35.69356952	0.00427259	36.16443000
35.73356952	-0.01324503	40.60488000
35.77356952	-0.01324503	36.16443000
35.81356952	-0.01324503	40.60488000
35.85356952	-0.01324503	36.16443000
35.89356952	-0.01324503	36.16443000
35.93356952	-0.01324503	36.16443000
35.97356952	0.00427259	40.60488000
36.01356952	-0.01324503	40.60488000
36.05356952	-0.01324503	36.16443000
36.09356952	-0.01324503	31.72399000
36.13356952	0.00427259	36.16443000
36.17356952	-0.01324503	36.16443000
36.21356952	-0.01324503	36.16443000
36.25356952	-0.01324503	36.16443000
36.29356952	-0.01324503	36.16443000
36.33356951	0.00427259	36.16443000
36.37356951	-0.01324503	31.72399000
36.41356951	0.00427259	36.16443000
36.45356951	0.00427259	36.16443000
36.49356951	-0.01324503	36.16443000
36.53356951	-0.01324503	36.16443000
36.57356951	0.00427259	31.72399000
36.61356951	-0.01324503	36.16443000
36.65356951	0.00427259	36.16443000
36.69356951	0.00427259	36.16443000
36.73356951	-0.01324503	36.16443000
36.77356951	-0.01324503	36.16443000
36.81356951	0.00427259	36.16443000
36.85356951	0.00427259	36.16443000
36.89356951	-0.01324503	31.72399000
36.93356951	0.00427259	36.16443000
36.97356951	-0.01324503	31.72399000
37.01356951	-0.01324503	36.16443000
37.05356951	-0.01324503	36.16443000
37.09356951	-0.01324503	36.16443000
37.13356951	-0.01324503	31.72399000
37.17356951	-0.01324503	36.16443000
37.21356951	-0.01324503	31.72399000
37.25356951	0.00427259	36.16443000
37.29356951	0.00427259	31.72399000
37.33356951	-0.01324503	36.16443000
37.37356951	-0.01324503	31.72399000
37.41356951	-0.01324503	31.72399000
37.45356951	-0.01324503	31.72399000
37.49356951	-0.01324503	31.72399000
37.53356951	-0.01324503	36.16443000
37.57356951	-0.01324503	31.72399000
37.61356951	-0.01324503	31.72399000
37.65356951	0.00427259	31.72399000
37.69356951	-0.01324503	36.16443000
37.73356951	0.00427259	31.72399000
37.77356951	-0.01324503	31.72399000
37.81356951	-0.01324503	31.72399000
37.85356951	-0.01324503	31.72399000
37.89356951	-0.01324503	31.72399000
37.93356951	-0.01324503	31.72399000
37.97356950	-0.01324503	27.29881000
38.01356950	-0.01324503	31.72399000
38.05356950	-0.01324503	31.72399000
38.09356950	-0.01324503	31.72399000
38.13356950	-0.01324503	31.72399000
38.17356950	-0.01324503	31.72399000
38.21356950	-0.01324503	31.72399000
38.25356950	0.00427259	31.72399000
38.29356950	-0.01324503	31.72399000
38.33356950	-0.01324503	27.29881000
38.37356950	0.00427259	31.72399000
38.41356950	0.00427259	27.29881000
38.45356950	-0.01324503	31.72399000
38.49356950	-0.01324503	27.29881000
38.53356950	-0.01324503	31.72399000
38.57356950	0.00427259	27.29881000
38.61356950	0.00427259	31.72399000
38.65356950	0.00427259	27.29881000
38.69356950	0.00427259	27.29881000
38.73356950	-0.01324503	31.72399000
38.77356950	-0.01324503	27.29881000
38.81356950	-0.01324503	27.29881000
38.85356950	0.00427259	31.72399000
38.89356950	-0.01324503	27.29881000
38.93356950	-0.01324503	31.72399000
38.97356950	0.00427259	27.29881000
39.01356950	0.00427259	31.72399000
39.05356950	-0.01324503	27.29881000
39.09356950	0.00427259	31.72399000
39.13356950	0.00427259	27.29881000
39.17356950	0.00427259	31.72399000
39.21356950	-0.01324503	27.29881000
39.25356950	-0.01324503	27.29881000
39.29356950	-0.01324503	31.72399000
39.33356950	-0.01324503	27.29881000
39.37356950	0.00427259	27.29881000
39.41356950	0.00427259	27.29881000
39.45356950	-0.01324503	27.29881000
39.49356950	-0.01324503	27.29881000
39.53356950	-0.01324503	27.29881000
39.57356950	0.00427259	27.29881000
39.61356949	-0.01324503	27.29881000
39.65356949	0.00427259	27.29881000
39.69356949	-0.01324503	27.29881000
39.73356949	0.00427259	27.29881000
39.77356949	0.00427259	27.29881000
39.81356949	0.00427259	27.29881000
39.85356949	0.00427259	31.72399000
39.89356949	0.00427259	27.29881000
39.93356949	0.00427259	31.72399000
39.97356949	0.00427259	27.29881000
40.01356949	0.00427259	31.72399000
40.05356949	-0.01324503	36.16443000
40.09356949	0.00427259	45.04532000
40.13356949	0.03930784	40.60488000
40.17356949	0.03930784	36.16443000
40.21356949	0.00427259	31.72399000
40.25356949	0.00427259	27.29881000
40.29356949	0.00427259	27.29881000
40.33356949	0.00427259	36.16443000
40.37356949	0.00427259	36.16443000
40.41356949	0.00427259	31.72399000
40.45356949	0.00427259	27.29881000
40.49356949	0.00427259	22.87362000
40.53356949	0.00427259	27.29881000
40.57356949	0.00427259	31.72399000
40.61356949	0.00427259	27.29881000
40.65356949	0.00427259	27.29881000
40.69356949	0.00427259	27.29881000
40.73356949	0.00427259	27.29881000
40.77356949	0.00427259	27.29881000
40.81356949	0.00427259	31.72399000
40.85356949	0.00427259	31.72399000
40.89356949	-0.01324503	27.29881000
40.93356949	0.00427259	27.29881000
40.97356949	0.00427259	27.29881000
41.01356949	-0.01324503	27.29881000
41.05356949	-0.01324503	27.29881000
41.09356949	-0.01324503	27.29881000
41.13356949	0.00427259	31.72399000
41.17356949	0.00427259	27.29881000
41.21356949	0.00427259	27.29881000
41.25356948	0.00427259	27.29881000
41.29356948	0.00427259	31.72399000
41.33356948	0.00427259	27.29881000
41.37356948	0.00427259	27.29881000
41.41356948	-0.01324503	22.87362000
41.45356948	0.00427259	27.29881000
41.49356948	0.00427259	27.29881000
41.53356948	0.00427259	27.29881000
41.57356948	-0.01324503	27.29881000
41.61356948	-0.01324503	22.87362000
41.65356948	0.00427259	27.29881000
41.69356948	-0.01324503	27.29881000
41.73356948	0.00427259	27.29881000
41.77356948	0.00427259	27.29881000
41.81356948	0.00427259	22.87362000
41.85356948	0.00427259	22.87362000
41.89356948	0.00427259	31.72399000
41.93356948	0.00427259	27.29881000
41.97356948	0.00427259	27.29881000
42.01356948	0.00427259	27.29881000
42.05356948	0.00427259	27.29881000
42.09356948	-0.01324503	22.87362000
42.13356948	-0.01324503	27.29881000
42.17356948	-0.01324503	22.87362000
42.21356948	-0.01324503	27.29881000
42.25356948	-0.01324503	27.29881000
42.29356948	-0.01324503	22.87362000
42.33356948	-0.01324503	27.29881000
42.37356948	-0.01324503	22.87362000
42.41356948	-0.01324503	22.87362000
42.45356948	-0.01324503	22.87362000
42.49356948	0.00427259	22.87362000
42.53356948	0.00427259	22.87362000
42.57356948	-0.01324503	22.87362000
42.61356948	-0.01324503	22.87362000
42.65356948	-0.01324503	22.87362000
42.69356948	0.00427259	22.87362000
42.73356948	-0.01324503	22.87362000
42.77356948	-0.01324503	22.87362000
42.81356948	-0.01324503	22.87362000
42.85356948	-0.01324503	22.87362000
42.89356947	0.00427259	22.87362000
42.93356947	0.00427259	22.87362000
42.97356947	0.00427259	22.87362000
43.01356947	0.00427259	27.29881000
43.05356947	0.00427259	22.87362000
43.09356947	0.00427259	27.29881000
43.13356947	-0.01324503	22.87362000
43.17356947	-0.01324503	22.87362000
43.21356947	0.00427259	22.87362000
43.25356947	-0.01324503	27.29881000
43.29356947	-0.01324503	22.87362000
43.33356947	-0.01324503	22.87362000
43.37356947	0.00427259	27.29881000
43.41356947	0.00427259	22.87362000
43.45356947	0.00427259	22.87362000
43.49356947	-0.01324503	22.87362000
43.53356947	-0.01324503	22.87362000
43.57356947	-0.01324503	22.87362000
43.61356947	0.00427259	22.87362000
43.65356947	0.00427259	22.87362000
43.69356947	-0.01324503	22.87362000
43.73356947	-0.01324503	27.29881000
43.77356947	0.00427259	22.87362000
43.81356947	-0.01324503	22.87362000
43.85356947	-0.01324503	22.87362000
43.89356947	-0.01324503	22.87362000
43.93356947	0.00427259	22.87362000
43.97356947	0.00427259	22.87362000
44.01356947	-0.01324503	22.87362000
44.05356947	-0.01324503	22.87362000
44.09356947	-0.01324503	22.87362000
44.13356947	-0.01324503	22.87362000
44.17356947	-0.01324503	22.87362000
44.21356947	0.00427259	22.87362000
44.25356947	0.00427259	22.87362000
44.29356947	0.00427259	22.87362000
44.33356947	-0.01324503	22.87362000
44.37356947	-0.01324503	22.87362000
44.41356947	-0.01324503	22.87362000
44.45356947	-0.01324503	22.87362000
44.49356947	-0.01324503	22.87362000
44.53356946	0.00427259	22.87362000
44.57356946	0.00427259	22.87362000
44.61356946	-0.01324503	22.87362000
44.65356946	-0.01324503	22.87362000
44.69356946	-0.01324503	22.87362000
44.73356946	-0.01324503	22.87362000
44.77356946	-0.01324503	22.87362000
44.81356946	0.00427259	22.87362000
44.85356946	-0.01324503	22.87362000
44.89356946	-0.01324503	18.43318000
44.93356946	-0.01324503	22.87362000
44.97356946	-0.01324503	22.87362000
45.01356946	-0.01324503	18.43318000
45.05356946	0.00427259	22.87362000
45.09356946	-0.01324503	22.87362000
45.13356946	-0.01324503	22.87362000
45.17356946	-0.01324503	18.43318000
45.21356946	-0.01324503	22.87362000
45.25356946	-0.01324503	22.87362000
45.29356946	-0.01324503	18.43318000
45.33356946	-0.01324503	22.87362000
45.37356946	-0.01324503	22.87362000
45.41356946	0.00427259	22.87362000
45.45356946	-0.01324503	22.87362000
45.49356946	0.00427259	22.87362000
45.53356946	-0.01324503	22.87362000
45.57356946	-0.01324503	18.43318000
45.61356946	-0.01324503	22.87362000
45.65356946	0.00427259	22.87362000
45.69356946	-0.01324503	18.43318000
45.73356946	-0.01324503	22.87362000
45.77356946	0.00427259	22.87362000
45.81356946	-0.01324503	22.87362000
45.85356946	0.00427259	22.87362000
45.89356946	0.00427259	18.43318000
45.93356946	0.00427259	22.87362000
45.97356946	0.00427259	18.43318000
46.01356946	0.00427259	22.87362000
46.05356946	-0.01324503	18.43318000
46.09356946	0.00427259	22.87362000
46.13356946	0.00427259	22.87362000
46.17356946	-0.01324503	22.87362000
46.21356945	0.00427259	18.43318000
46.25356945	-0.01324503	18.43318000
46.29356945	0.00427259	22.87362000
46.33356945	-0.01324503	22.87362000
46.37356945	-0.01324503	22.87362000
46.41356945	-0.01324503	22.87362000
46.45356945	-0.01324503	18.43318000
46.49356945	0.00427259	18.43318000
46.53356945	-0.01324503	22.87362000
46.57356945	-0.01324503	22.87362000
46.61356945	-0.01324503	13.99274000
46.65356945	-0.01324503	22.87362000
46.69356945	-0.01324503	18.43318000
46.73356945	-0.01324503	22.87362000
46.77356945	0.00427259	18.43318000
46.81356945	0.00427259	22.87362000
46.85356945	0.00427259	18.43318000
46.89356945	0.00427259	22.87362000
46.93356945	-0.01324503	18.43318000
46.97356945	-0.01324503	18.43318000
47.01356945	-0.01324503	18.43318000
47.05356945	0.00427259	18.43318000
47.09356945	-0.01324503	18.43318000
47.13356945	0.00427259	18.43318000
47.17356945	-0.01324503	18.43318000
47.21356945	-0.01324503	18.43318000
47.25356945	0.00427259	22.87362000
47.29356945	-0.01324503	18.43318000
47.33356945	-0.01324503	18.43318000
47.37356945	-0.01324503	22.87362000
47.41356945	-0.01324503	13.99274000
47.45356945	0.00427259	22.87362000
47.49356945	0.00427259	18.43318000
47.53356945	0.00427259	22.87362000
47.57356945	0.00427259	18.43318000
47.61356945	-0.01324503	22.87362000
47.65356945	0.00427259	13.99274000
47.69356945	-0.01324503	18.43318000
47.73356945	0.00427259	13.99274000
47.77356945	-0.01324503	18.43318000
47.81356945	0.00427259	18.43318000
47.85356944	-0.01324503	18.43318000
47.89356944	-0.01324503	18.43318000
47.93356944	-0.01324503	18.43318000
47.97356944	-0.01324503	18.43318000
48.01356944	0.00427259	18.43318000
48.05356944	-0.01324503	18.43318000
48.09356944	-0.01324503	18.43318000
48.13356944	-0.01324503	18.43318000
48.17356944	-0.01324503	18.43318000
48.21356944	0.00427259	22.87362000
48.25356944	-0.01324503	18.43318000
48.29356944	0.00427259	18.43318000
48.33356944	0.00427259	18.43318000
48.37356944	0.00427259	18.43318000
48.41356944	-0.01324503	18.43318000
48.45356944	-0.01324503	18.43318000
48.49356944	-0.01324503	18.43318000
48.53356944	-0.01324503	18.43318000
48.57356944	0.00427259	18.43318000
48.61356944	-0.01324503	18.43318000
48.65356944	0.00427259	18.43318000
48.69356944	-0.01324503	18.43318000
48.73356944	0.00427259	13.99274000
48.77356944	-0.01324503	18.43318000
48.81356944	0.00427259	18.43318000
48.85356944	0.00427259	18.43318000
48.89356944	0.00427259	13.99274000
48.93356944	-0.01324503	18.43318000
48.97356944	-0.01324503	18.43318000
49.01356944	-0.01324503	18.43318000
49.05356944	-0.01324503	13.99274000
49.09356944	0.00427259	18.43318000
49.13356944	0.00427259	18.43318000
49.17356944	-0.01324503	18.43318000
49.21356944	-0.01324503	18.43318000
49.25356944	0.00427259	18.43318000
49.29356944	-0.01324503	18.43318000
49.33356944	0.00427259	13.99274000
49.37356944	0.00427259	18.43318000
49.41356944	0.00427259	13.99274000
49.45356944	-0.01324503	18.43318000
49.49356943	-0.01324503	18.43318000
49.53356943	0.00427259	18.43318000
49.57356943	0.00427259	18.43318000
49.61356943	0.00427259	18.43318000
49.65356943	0.00427259	18.43318000
49.69356943	-0.01324503	18.43318000
49.73356943	0.00427259	18.43318000
49.77356943	-0.01324503	13.99274000
49.81356943	-0.01324503	18.43318000
49.85356943	-0.01324503	13.99274000
49.89356943	-0.01324503	18.43318000
49.93356943	-0.01324503	13.99274000
49.97356943	-0.01324503	18.43318000
50.01356943	-0.01324503	13.99274000
50.05356943	-0.01324503	13.99274000
50.09356943	-0.01324503	13.99274000
50.13356943	-0.01324503	13.99274000
50.17356943	-0.01324503	13.99274000
50.21356943	-0.01324503	13.99274000
50.25356943	-0.01324503	13.99274000
50.29356943	0.00427259	27.29881000
50.33356943	0.05682547	62.79184000
50.37356943	0.09186071	22.87362000
50.41356943	0.03930784	13.99274000
50.45356943	0.03930784	18.43318000
50.49356943	0.00427259	13.99274000
50.53356943	-0.01324503	9.55229400
50.57356943	0.00427259	13.99274000
50.61356943	0.00427259	22.87362000
50.65356943	0.00427259	18.43318000
50.69356943	0.00427259	13.99274000
50.73356943	0.00427259	18.43318000
50.77356943	-0.01324503	13.99274000
50.81356943	-0.01324503	9.55229400
50.85356943	-0.01324503	13.99274000
50.89356943	0.00427259	13.99274000
50.93356943	-0.01324503	13.99274000
50.97356943	0.00427259	13.99274000
51.01356943	0.00427259	13.99274000
51.05356943	0.00427259	13.99274000
51.09356943	0.00427259	13.99274000
51.13356942	-0.01324503	13.99274000
51.17356942	-0.01324503	13.99274000
51.21356942	-0.01324503	13.99274000
51.25356942	-0.01324503	13.99274000
51.29356942	-0.01324503	13.99274000
51.33356942	0.00427259	13.99274000
51.37356942	-0.01324503	13.99274000
51.41356942	0.00427259	13.99274000
51.45356942	-0.01324503	13.99274000
51.49356942	-0.01324503	9.55229400
51.53356942	0.00427259	13.99274000
51.57356942	-0.01324503	13.99274000
51.61356942	0.00427259	13.99274000
51.65356942	-0.01324503	13.99274000
51.69356942	-0.01324503	13.99274000
51.73356942	-0.01324503	13.99274000
51.77356942	-0.01324503	13.99274000
51.81356942	-0.01324503	13.99274000
51.85356942	-0.01324503	13.99274000
51.89356942	-0.01324503	9.55229400
51.93356942	-0.01324503	13.99274000
51.97356942	-0.01324503	13.99274000
52.01356942	-0.01324503	13.99274000
52.05356942	0.00427259	9.55229400
52.09356942	-0.01324503	13.99274000
52.13356942	0.00427259	13.99274000
52.17356942	0.00427259	13.99274000
52.21356942	0.00427259	13.99274000
52.25356942	0.00427259	13.99274000
52.29356942	-0.01324503	13.99274000
52.33356942	-0.01324503	18.43318000
52.37356942	0.00427259	13.99274000
52.41356942	0.00427259	13.99274000
52.45356942	-0.01324503	13.99274000
52.49356942	0.00427259	13.99274000
52.53356942	0.00427259	18.43318000
52.57356942	-0.01324503	13.99274000
52.61356942	0.00427259	13.99274000
52.65356942	0.00427259	13.99274000
52.69356942	-0.01324503	18.43318000
52.73356942	-0.01324503	13.99274000
52.77356941	-0.01324503	13.99274000
52.81356941	0.00427259	13.99274000
52.85356941	0.00427259	13.99274000
52.89356941	0.00427259	13.99274000
52.93356941	-0.01324503	9.55229400
52.97356941	-0.01324503	13.99274000
53.01356941	-0.01324503	9.55229400
53.05356941	0.00427259	18.43318000
53.09356941	-0.01324503	13.99274000
53.13356941	0.00427259	13.99274000
53.17356941	-0.01324503	13.99274000
53.21356941	-0.01324503	13.99274000
53.25356941	0.00427259	13.99274000
53.29356941	0.00427259	13.99274000
53.33356941	-0.01324503	13.99274000
53.37356941	0.00427259	13.99274000
53.41356941	0.00427259	13.99274000
53.45356941	0.00427259	13.99274000
53.49356941	-0.01324503	13.99274000
53.53356941	-0.01324503	13.99274000
53.57356941	-0.01324503	13.99274000
53.61356941	-0.01324503	13.99274000
53.65356941	0.00427259	13.99274000
53.69356941	-0.01324503	13.99274000
53.73356941	0.00427259	13.99274000
53.77356941	-0.01324503	13.99274000
53.81356941	-0.01324503	13.99274000
53.85356941	-0.01324503	13.99274000
53.89356941	-0.01324503	13.99274000
53.93356941	0.00427259	13.99274000
53.97356941	0.00427259	13.99274000
54.01356941	0.00427259	13.99274000
54.05356941	-0.01324503	13.99274000
54.09356941	0.00427259	13.99274000
54.13356941	0.00427259	13.99274000
54.17356941	0.00427259	13.99274000
54.21356941	0.00427259	13.99274000
54.25356941	0.00427259	13.99274000
54.29356941	-0.01324503	9.55229400
54.33356941	-0.01324503	13.99274000
54.37356941	-0.01324503	13.99274000
54.41356940	-0.01324503	13.99274000
54.45356940	-0.01324503	13.99274000
54.49356940	-0.01324503	13.99274000
54.53356940	0.00427259	18.43318000
54.57356940	-0.01324503	13.99274000
54.61356940	-0.01324503	13.99274000
54.65356940	0.00427259	9.55229400
54.69356940	0.00427259	13.99274000
54.73356940	-0.01324503	13.99274000
54.77356940	0.00427259	13.99274000
54.81356940	0.00427259	13.99274000
54.85356940	-0.01324503	13.99274000
54.89356940	0.00427259	13.99274000
54.93356940	-0.01324503	13.99274000
54.97356940	-0.01324503	13.99274000
55.01356940	-0.01324503	13.99274000
55.05356940	-0.01324503	9.55229400
55.09356940	0.00427259	13.99274000
55.13356940	-0.01324503	13.99274000
55.17356940	-0.01324503	13.99274000
55.21356940	-0.01324503	9.55229400
55.25356940	0.00427259	13.99274000
55.29356940	-0.01324503	9.55229400
55.33356940	0.00427259	18.43318000
55.37356940	0.02179022	18.43318000
55.41356940	0.00427259	31.72399000
55.45356940	0.00427259	18.43318000
55.49356940	0.00427259	9.55229400
55.53356940	0.00427259	5.12711000
55.57356940	0.00427259	13.99274000
55.61356940	-0.01324503	18.43318000
55.65356940	0.00427259	13.99274000
55.69356940	-0.01324503	13.99274000
55.73356940	-0.01324503	13.99274000
55.77356940	0.00427259	9.55229400
55.81356940	0.00427259	13.99274000
55.85356940	0.00427259	13.99274000
55.89356940	-0.01324503	13.99274000
55.93356940	-0.01324503	9.55229400
55.97356940	0.00427259	13.99274000
56.01356940	-0.01324503	13.99274000
56.05356939	-0.01324503	13.99274000
56.09356939	0.00427259	9.55229400
56.13356939	0.00427259	18.43318000
56.17356939	0.00427259	9.55229400
56.21356939	0.00427259	13.99274000
56.25356939	0.00427259	9.55229400
56.29356939	0.00427259	13.99274000
56.33356939	-0.01324503	9.55229400
56.37356939	-0.01324503	9.55229400
56.41356939	-0.01324503	9.55229400
56.45356939	0.00427259	13.99274000
56.49356939	0.00427259	13.99274000
56.53356939	0.00427259	13.99274000
56.57356939	-0.01324503	13.99274000
56.61356939	-0.01324503	9.55229400
56.65356939	-0.01324503	13.99274000
56.69356939	0.00427259	9.55229400
56.73356939	-0.01324503	13.99274000
56.77356939	-0.01324503	9.55229400
56.81356939	0.00427259	13.99274000
56.85356939	-0.01324503	9.55229400
56.89356939	0.00427259	9.55229400
56.93356939	0.00427259	9.55229400
56.97356939	0.00427259	13.99274000
57.01356939	-0.01324503	13.99274000
57.05356939	0.00427259	13.99274000
57.09356939	0.00427259	13.99274000
57.13356939	-0.01324503	9.55229400
57.17356939	-0.01324503	13.99274000
57.21356939	0.00427259	9.55229400
57.25356939	0.00427259	13.99274000
57.29356939	0.00427259	9.55229400
57.33356939	0.00427259	13.99274000
57.37356939	0.00427259	9.55229400
57.41356939	0.00427259	13.99274000
57.45356939	-0.01324503	9.55229400
57.49356939	0.00427259	9.55229400
57.53356939	-0.01324503	13.99274000
57.57356939	-0.01324503	13.99274000
57.61356939	-0.01324503	9.55229400
57.65356939	0.00427259	9.55229400
57.69356939	0.00427259	13.99274000
57.73356938	0.00427259	9.55229400
57.77356938	0.00427259	13.99274000
57.81356938	0.00427259	9.55229400
57.85356938	-0.01324503	9.55229400
57.89356938	0.00427259	13.99274000
57.93356938	0.00427259	13.99274000
57.97356938	-0.01324503	9.55229400
58.01356938	0.00427259	9.55229400
58.05356938	0.00427259	9.55229400
58.09356938	0.00427259	9.55229400
58.13356938	-0.01324503	13.99274000
58.17356938	-0.01324503	9.55229400
58.21356938	-0.01324503	9.55229400
58.25356938	-0.01324503	9.55229400
58.29356938	0.00427259	9.55229400
58.33356938	-0.01324503	13.99274000
58.37356938	-0.01324503	9.55229400
58.41356938	-0.01324503	9.55229400
58.45356938	0.00427259	9.55229400
58.49356938	0.00427259	13.99274000
58.53356938	0.00427259	9.55229400
58.57356938	0.00427259	9.55229400
58.61356938	0.00427259	9.55229400
58.65356938	0.00427259	9.55229400
58.69356938	0.00427259	9.55229400
58.73356938	0.00427259	13.99274000
58.77356938	0.00427259	9.55229400
58.81356938	0.00427259	13.99274000
58.85356938	0.00427259	9.55229400
58.89356938	-0.01324503	9.55229400
58.93356938	-0.01324503	9.55229400
58.97356938	0.00427259	9.55229400
59.01356938	-0.01324503	9.55229400
59.05356938	0.00427259	13.99274000
59.09356938	-0.01324503	9.55229400
59.13356938	0.00427259	9.55229400
59.17356938	0.00427259	13.99274000
59.21356938	-0.01324503	9.55229400
59.25356938	-0.01324503	9.55229400
59.29356938	-0.01324503	13.99274000
59.33356938	0.00427259	9.55229400
59.37356937	0.00427259	13.99274000
59.41356937	0.00427259	9.55229400
59.45356937	0.00427259	13.99274000
59.49356937	0.00427259	9.55229400
59.53356937	-0.01324503	9.55229400
59.57356937	-0.01324503	9.55229400
59.61356937	-0.01324503	9.55229400
59.65356937	-0.01324503	9.55229400
59.69356937	-0.01324503	13.99274000
59.73356937	-0.01324503	9.55229400
59.77356937	0.00427259	9.55229400
59.81356937	-0.01324503	9.55229400
59.85356937	0.00427259	9.55229400
59.89356937	0.00427259	9.55229400
59.93356937	0.00427259	9.55229400
59.97356937	-0.01324503	9.55229400
60.01356937	0.00427259	9.55229400
60.05356937	0.00427259	9.55229400
60.09356937	-0.01324503	9.55229400
60.13356937	-0.01324503	9.55229400
60.17356937	0.00427259	9.55229400
60.21356937	0.00427259	9.55229400
60.25356937	-0.01324503	13.99274000
60.29356937	-0.01324503	9.55229400
60.33356937	-0.01324503	9.55229400
60.37356937	-0.01324503	5.12711000
60.41356937	0.00427259	13.99274000
60.45356937	-0.01324503	9.55229400
60.49356937	-0.01324503	9.55229400
60.53356937	0.00427259	9.55229400
60.57356937	0.00427259	9.55229400
60.61356937	0.00427259	9.55229400
60.65356937	0.00427259	9.55229400
60.69356937	0.00427259	9.55229400
60.73356937	0.00427259	9.55229400
60.77356937	-0.01324503	9.55229400
60.81356937	-0.01324503	9.55229400
60.85356937	0.00427259	13.99274000
60.89356937	-0.01324503	9.55229400
60.93356937	-0.01324503	9.55229400
60.97356937	-0.01324503	9.55229400
61.01356936	-0.01324503	13.99274000
61.05356936	-0.01324503	9.55229400
61.09356936	-0.01324503	9.55229400
61.13356936	-0.01324503	9.55229400
61.17356936	0.00427259	9.55229400
61.21356936	0.00427259	9.55229400
61.25356936	-0.01324503	9.55229400
61.29356936	-0.01324503	13.99274000
61.33356936	-0.01324503	9.55229400
61.37356936	-0.01324503	5.12711000
61.41356936	-0.01324503	9.55229400
61.45356936	-0.01324503	9.55229400
61.49356936	-0.01324503	9.55229400
61.53356936	-0.01324503	9.55229400
61.57356936	-0.01324503	9.55229400
61.61356936	-0.01324503	9.55229400
61.65356936	-0.01324503	9.55229400
61.69356936	0.00427259	9.55229400
61.73356936	0.00427259	9.55229400
61.77356936	-0.01324503	9.55229400
61.81356936	0.00427259	9.55229400
61.85356936	-0.01324503	9.55229400
61.89356936	0.00427259	9.55229400
61.93356936	-0.01324503	9.55229400
61.97356936	0.00427259	9.55229400
62.01356936	-0.01324503	9.55229400
62.05356936	-0.01324503	5.12711000
62.09356936	-0.01324503	13.99274000
62.13356936	-0.01324503	5.12711000
62.17356936	-0.01324503	9.55229400
62.21356936	-0.01324503	5.12711000
62.25356936	-0.01324503	9.55229400
62.29356936	-0.01324503	9.55229400
62.33356936	-0.01324503	9.55229400
62.37356936	-0.01324503	9.55229400
62.41356936	-0.01324503	5.12711000
62.45356936	-0.01324503	9.55229400
62.49356936	-0.01324503	5.12711000
62.53356936	-0.01324503	5.12711000
62.57356936	0.00427259	5.12711000
62.61356936	-0.01324503	5.12711000
62.65356935	-0.01324503	5.12711000
62.69356935	0.00427259	5.12711000
62.73356935	-0.01324503	5.12711000
62.77356935	0.00427259	5.12711000
62.81356935	0.00427259	5.12711000
62.85356935	-0.01324503	5.12711000
62.89356935	-0.01324503	5.12711000
62.93356935	0.00427259	9.55229400
62.97356935	-0.01324503	9.55229400
63.01356935	0.00427259	5.12711000
63.05356935	0.00427259	9.55229400
63.09356935	0.00427259	5.12711000
63.13356935	-0.01324503	9.55229400
63.17356935	-0.01324503	5.12711000
63.21356935	-0.01324503	9.55229400
63.25356935	0.00427259	5.12711000
63.29356935	0.00427259	5.12711000
63.33356935	0.00427259	5.12711000
63.37356935	0.00427259	9.55229400
63.41356935	0.00427259	9.55229400
63.45356935	-0.01324503	5.12711000
63.49356935	0.00427259	9.55229400
63.53356935	-0.01324503	5.12711000
63.57356935	-0.01324503	5.12711000
63.61356935	-0.01324503	5.12711000
63.65356935	-0.01324503	5.12711000
63.69356935	-0.01324503	5.12711000
63.73356935	-0.01324503	5.12711000
63.77356935	0.00427259	5.12711000
63.81356935	-0.01324503	5.12711000
63.85356935	-0.01324503	5.12711000
63.89356935	0.00427259	5.12711000
63.93356935	-0.01324503	5.12711000
63.97356935	-0.01324503	5.12711000
64.01356935	0.00427259	9.55229400
64.05356935	-0.01324503	5.12711000
64.09356935	-0.01324503	9.55229400
64.13356935	0.00427259	5.12711000
64.17356935	0.00427259	9.55229400
64.21356935	-0.01324503	9.55229400
64.25356935	-0.01324503	9.55229400
64.29356934	0.00427259	9.55229400
64.33356934	0.00427259	9.55229400
64.37356934	0.00427259	5.12711000
64.41356934	0.00427259	9.55229400
64.45356934	0.00427259	9.55229400
64.49356934	0.00427259	9.55229400
64.53356934	0.00427259	5.12711000
64.57356934	-0.01324503	9.55229400
64.61356934	-0.01324503	5.12711000
64.65356934	-0.01324503	5.12711000
64.69356934	0.00427259	9.55229400
64.73356934	-0.01324503	9.55229400
64.77356934	0.00427259	9.55229400
64.81356934	0.00427259	9.55229400
64.85356934	0.00427259	9.55229400
64.89356934	0.00427259	5.12711000
64.93356934	-0.01324503	9.55229400
64.97356934	-0.01324503	5.12711000
65.01356934	-0.01324503	9.55229400
65.05356934	-0.01324503	9.55229400
65.09356934	-0.01324503	9.55229400
65.13356934	-0.01324503	5.12711000
65.17356934	0.00427259	9.55229400
65.21356934	0.00427259	9.55229400
65.25356934	0.00427259	9.55229400
65.29356934	0.00427259	5.12711000
65.33356934	-0.01324503	9.55229400
65.37356934	-0.01324503	9.55229400
65.41356934	0.00427259	9.55229400
65.45356934	-0.01324503	5.12711000
65.49356934	-0.01324503	9.55229400
65.53356934	-0.01324503	-8.19422000
65.57356934	-0.01324503	5.12711000
65.61356934	-0.03076266	5.12711000
65.65356934	0.00427259	13.99274000
65.69356934	0.00427259	5.12711000
65.73356934	-0.01324503	0.68666640
65.77356934	0.00427259	13.99274000
65.81356934	0.00427259	5.12711000
65.85356934	-0.01324503	0.68666640
65.89356934	-0.01324503	5.12711000
65.93356933	0.00427259	9.55229400
65.97356933	-0.01324503	5.12711000
66.01356933	0.00427259	9.55229400
66.05356933	-0.01324503	9.55229400
66.09356933	0.00427259	9.55229400
66.13356933	-0.01324503	9.55229400
66.17356933	0.00427259	5.12711000
66.21356933	0.00427259	9.55229400
66.25356933	0.00427259	9.55229400
66.29356933	-0.01324503	9.55229400
66.33356933	0.00427259	9.55229400
66.37356933	-0.01324503	9.55229400
66.41356933	0.00427259	5.12711000
66.45356933	-0.01324503	9.55229400
66.49356933	0.00427259	9.55229400
66.53356933	-0.01324503	9.55229400
66.57356933	-0.01324503	9.55229400
66.61356933	-0.01324503	5.12711000
66.65356933	0.00427259	9.55229400
66.69356933	0.00427259	5.12711000
66.73356933	-0.01324503	9.55229400
66.77356933	-0.01324503	9.55229400
66.81356933	-0.01324503	5.12711000
66.85356933	-0.01324503	5.12711000
66.89356933	0.00427259	9.55229400
66.93356933	-0.01324503	5.12711000
66.97356933	0.00427259	9.55229400
67.01356933	-0.01324503	5.12711000
67.05356933	0.00427259	5.12711000
67.09356933	-0.01324503	5.12711000
67.13356933	-0.01324503	5.12711000
67.17356933	-0.01324503	9.55229400
67.21356933	-0.01324503	5.12711000
67.25356933	0.00427259	9.55229400
67.29356933	0.00427259	5.12711000
67.33356933	-0.01324503	9.55229400
67.37356933	0.00427259	5.12711000
67.41356933	0.00427259	5.12711000
67.45356933	0.00427259	9.55229400
67.49356933	0.00427259	9.55229400
67.53356933	-0.01324503	5.12711000
67.57356932	-0.01324503	9.55229400
67.61356932	0.00427259	9.55229400
67.65356932	-0.01324503	9.55229400
67.69356932	-0.01324503	0.68666640
67.73356932	-0.01324503	9.55229400
67.77356932	-0.01324503	5.12711000
67.81356932	-0.01324503	9.55229400
67.85356932	-0.01324503	5.12711000
67.89356932	-0.01324503	5.12711000
67.93356932	-0.01324503	9.55229400
67.97356932	0.00427259	5.12711000
68.01356932	-0.01324503	5.12711000
68.05356932	0.00427259	5.12711000
68.09356932	0.00427259	9.55229400
68.13356932	0.00427259	9.55229400
68.17356932	-0.01324503	5.12711000
68.21356932	0.00427259	9.55229400
68.25356932	-0.01324503	5.12711000
68.29356932	0.00427259	5.12711000
68.33356932	-0.01324503	5.12711000
68.37356932	0.00427259	9.55229400
68.41356932	0.00427259	5.12711000
68.45356932	0.00427259	9.55229400
68.49356932	-0.01324503	9.55229400
68.53356932	0.00427259	9.55229400
68.57356932	0.00427259	5.12711000
68.61356932	-0.01324503	9.55229400
68.65356932	-0.01324503	9.55229400
68.69356932	0.00427259	9.55229400
68.73356932	-0.01324503	5.12711000
68.77356932	-0.01324503	9.55229400
68.81356932	0.00427259	5.12711000
68.85356932	-0.01324503	9.55229400
68.89356932	0.00427259	5.12711000
68.93356932	-0.01324503	9.55229400
68.97356932	0.00427259	5.12711000
69.01356932	0.00427259	9.55229400
69.05356932	0.00427259	9.55229400
69.09356932	0.00427259	5.12711000
69.13356932	0.00427259	5.12711000
69.17356932	0.00427259	5.12711000
69.21356931	-0.01324503	5.12711000
69.25356931	0.00427259	9.55229400
69.29356931	-0.01324503	9.55229400
69.33356931	0.00427259	5.12711000
69.37356931	0.00427259	9.55229400
69.41356931	-0.01324503	5.12711000
69.45356931	-0.01324503	9.55229400
69.49356931	0.00427259	5.12711000
69.53356931	0.00427259	9.55229400
69.57356931	0.00427259	5.12711000
69.61356931	0.00427259	9.55229400
69.65356931	0.00427259	9.55229400
69.69356931	-0.01324503	9.55229400
69.73356931	-0.01324503	9.55229400
69.77356931	-0.01324503	5.12711000
69.81356931	0.00427259	5.12711000
69.85356931	-0.01324503	5.12711000
69.89356931	0.00427259	9.55229400
69.93356931	0.00427259	5.12711000
69.97356931	-0.01324503	5.12711000
70.01356931	-0.01324503	5.12711000
70.05356931	0.00427259	5.12711000
70.09356931	-0.01324503	5.12711000
70.13356931	0.00427259	5.12711000
70.17356931	-0.01324503	9.55229400
70.21356931	0.00427259	5.12711000
70.25356931	0.00427259	5.12711000
70.29356931	0.00427259	5.12711000
70.33356931	0.00427259	9.55229400
70.37356931	0.00427259	5.12711000
70.41356931	0.00427259	9.55229400
70.45356931	-0.01324503	5.12711000
70.49356931	0.00427259	9.55229400
70.53356931	-0.01324503	5.12711000
70.57356931	0.00427259	13.99274000
70.61356931	0.03930784	13.99274000
70.65356931	0.02179022	22.87362000
70.69356931	-0.01324503	9.55229400
70.73356931	0.00427259	5.12711000
70.77356931	0.00427259	5.12711000
70.81356931	0.00427259	5.12711000
70.85356931	0.00427259	9.55229400
70.89356930	0.00427259	9.55229400
70.93356930	0.00427259	9.55229400
70.97356930	-0.01324503	5.12711000
71.01356930	0.00427259	5.12711000
71.05356930	0.00427259	9.55229400
71.09356930	0.00427259	5.12711000
71.13356930	-0.01324503	9.55229400
71.17356930	0.00427259	5.12711000
71.21356930	-0.01324503	5.12711000
71.25356930	-0.01324503	5.12711000
71.29356930	-0.01324503	5.12711000
71.33356930	-0.01324503	5.12711000
71.37356930	-0.01324503	9.55229400
71.41356930	0.00427259	9.55229400
71.45356930	0.00427259	5.12711000
71.49356930	-0.01324503	9.55229400
71.53356930	-0.01324503	9.55229400
71.57356930	0.00427259	5.12711000
71.61356930	-0.01324503	5.12711000
71.65356930	0.00427259	5.12711000
71.69356930	-0.01324503	5.12711000
71.73356930	-0.01324503	5.12711000
71.77356930	0.00427259	5.12711000
71.81356930	0.00427259	5.12711000
71.85356930	-0.01324503	5.12711000
71.89356930	-0.01324503	5.12711000
71.93356930	-0.01324503	9.55229400
71.97356930	-0.01324503	5.12711000
72.01356930	-0.01324503	5.12711000
72.05356930	-0.01324503	5.12711000
72.09356930	0.00427259	9.55229400
72.13356930	-0.01324503	5.12711000
72.17356930	-0.01324503	9.55229400
72.21356930	0.00427259	5.12711000
72.25356930	0.00427259	5.12711000
72.29356930	0.00427259	5.12711000
72.33356930	-0.01324503	9.55229400
72.37356930	0.00427259	5.12711000
72.41356930	-0.01324503	5.12711000
72.45356930	-0.01324503	5.12711000
72.49356930	-0.01324503	5.12711000
72.53356929	-0.01324503	9.55229400
72.57356929	-0.01324503	5.12711000
72.61356929	-0.01324503	5.12711000
72.65356929	-0.01324503	5.12711000
72.69356929	-0.01324503	5.12711000
72.73356929	-0.01324503	5.12711000
72.77356929	-0.01324503	9.55229400
72.81356929	-0.01324503	5.12711000
72.85356929	-0.01324503	9.55229400
72.89356929	0.00427259	5.12711000
72.93356929	-0.01324503	5.12711000
72.97356929	-0.01324503	9.55229400
73.01356929	-0.01324503	0.68666640
73.05356929	0.00427259	5.12711000
73.09356929	-0.01324503	5.12711000
73.13356929	-0.01324503	9.55229400
73.17356929	-0.01324503	5.12711000
73.21356929	-0.01324503	5.12711000
73.25356929	0.00427259	5.12711000
73.29356929	0.00427259	5.12711000
73.33356929	-0.01324503	5.12711000
73.37356929	-0.01324503	5.12711000
73.41356929	0.00427259	5.12711000
73.45356929	-0.01324503	5.12711000
73.49356929	0.00427259	9.55229400
73.53356929	-0.01324503	5.12711000
73.57356929	0.00427259	5.12711000
73.61356929	-0.01324503	5.12711000
73.65356929	-0.01324503	9.55229400
73.69356929	-0.01324503	5.12711000
73.73356929	0.00427259	5.12711000
73.77356929	-0.01324503	5.12711000
73.81356929	-0.01324503	5.12711000
73.85356929	0.00427259	9.55229400
73.89356929	0.00427259	5.12711000
73.93356929	-0.01324503	9.55229400
73.97356929	-0.01324503	5.12711000
74.01356929	-0.01324503	0.68666640
74.05356929	0.00427259	5.12711000
74.09356929	-0.01324503	5.12711000
74.13356929	0.00427259	5.12711000
74.17356928	0.00427259	5.12711000
74.21356928	0.00427259	5.12711000
74.25356928	-0.01324503	5.12711000
74.29356928	0.00427259	5.12711000
74.33356928	-0.01324503	5.12711000
74.37356928	-0.01324503	5.12711000
74.41356928	-0.01324503	5.12711000
74.45356928	-0.01324503	5.12711000
74.49356928	-0.01324503	5.12711000
74.53356928	-0.01324503	5.12711000
74.57356928	-0.01324503	9.55229400
74.61356928	-0.01324503	5.12711000
74.65356928	-0.01324503	5.12711000
74.69356928	-0.01324503	5.12711000
74.73356928	-0.01324503	5.12711000
74.77356928	-0.01324503	5.12711000
74.81356928	0.00427259	5.12711000
74.85356928	-0.01324503	5.12711000
74.89356928	-0.01324503	5.12711000
74.93356928	-0.01324503	5.12711000
74.97356928	-0.01324503	5.12711000
75.01356928	-0.01324503	5.12711000
75.05356928	-0.01324503	0.68666640
75.09356928	-0.01324503	9.55229400
75.13356928	0.00427259	0.68666640
75.17356928	-0.01324503	5.12711000
75.21356928	-0.01324503	5.12711000
75.25356928	-0.01324503	5.12711000
75.29356928	0.00427259	5.12711000
75.33356928	0.00427259	0.68666640
75.37356928	-0.01324503	0.68666640
75.41356928	0.00427259	5.12711000
75.45356928	0.00427259	5.12711000
75.49356928	0.00427259	5.12711000
75.53356928	0.00427259	5.12711000
75.57356928	0.00427259	0.68666640
75.61356928	-0.01324503	5.12711000
75.65356928	-0.01324503	5.12711000
75.69356928	-0.01324503	5.12711000
75.73356928	-0.01324503	5.12711000
75.77356928	-0.01324503	5.12711000
75.81356927	-0.01324503	5.12711000
75.85356927	0.00427259	5.12711000
75.89356927	-0.01324503	5.12711000
75.93356927	-0.01324503	5.12711000
75.97356927	-0.01324503	5.12711000
76.01356927	0.00427259	5.12711000
76.05356927	-0.01324503	5.12711000
76.09356927	-0.01324503	5.12711000
76.13356927	0.00427259	5.12711000
76.17356927	0.00427259	5.12711000
76.21356927	-0.01324503	5.12711000
76.25356927	0.00427259	5.12711000
76.29356927	0.00427259	5.12711000
76.33356927	-0.01324503	0.68666640
76.37356927	-0.01324503	5.12711000
76.41356927	-0.01324503	5.12711000
76.45356927	-0.01324503	5.12711000
76.49356927	0.00427259	5.12711000
76.53356927	-0.01324503	5.12711000
76.57356927	0.00427259	5.12711000
76.61356927	0.00427259	5.12711000
76.65356927	0.00427259	13.99274000
76.69356927	0.00427259	5.12711000
76.73356927	0.00427259	9.55229400
76.77356927	0.00427259	5.12711000
76.81356927	-0.01324503	9.55229400
76.85356927	0.00427259	0.68666640
76.89356927	0.00427259	5.12711000
76.93356927	-0.01324503	5.12711000
76.97356927	-0.01324503	9.55229400
77.01356927	-0.01324503	5.12711000
77.05356927	0.00427259	9.55229400
77.09356927	0.00427259	5.12711000
77.13356927	0.00427259	5.12711000
77.17356927	-0.01324503	0.68666640
77.21356927	-0.01324503	5.12711000
77.25356927	-0.01324503	5.12711000
77.29356927	-0.01324503	5.12711000
77.33356927	0.00427259	5.12711000
77.37356927	-0.01324503	5.12711000
77.41356927	0.00427259	5.12711000
77.45356926	0.00427259	5.12711000
77.49356926	0.00427259	5.12711000
77.53356926	-0.01324503	5.12711000
77.57356926	0.00427259	5.12711000
77.61356926	0.00427259	5.12711000
77.65356926	-0.01324503	5.12711000
77.69356926	0.00427259	5.12711000
77.73356926	-0.01324503	5.12711000
77.77356926	-0.01324503	5.12711000
77.81356926	-0.01324503	5.12711000
77.85356926	-0.01324503	5.12711000
77.89356926	-0.01324503	5.12711000
77.93356926	-0.01324503	5.12711000
77.97356926	0.00427259	5.12711000
78.01356926	-0.01324503	5.12711000
78.05356926	-0.01324503	5.12711000
78.09356926	0.00427259	5.12711000
78.13356926	0.00427259	5.12711000
78.17356926	-0.01324503	5.12711000
78.21356926	-0.01324503	5.12711000
78.25356926	-0.01324503	9.55229400
78.29356926	-0.01324503	5.12711000
78.33356926	-0.01324503	9.55229400
78.37356926	-0.01324503	5.12711000
78.41356926	-0.01324503	5.12711000
78.45356926	0.00427259	5.12711000
78.49356926	-0.01324503	5.12711000
78.53356926	-0.01324503	5.12711000
78.57356926	0.00427259	5.12711000
78.61356926	-0.01324503	5.12711000
78.65356926	0.00427259	5.12711000
78.69356926	0.00427259	5.12711000
78.73356926	0.00427259	5.12711000
78.77356926	-0.01324503	5.12711000
78.81356926	-0.01324503	5.12711000
78.85356926	0.00427259	9.55229400
78.89356926	0.00427259	5.12711000
78.93356926	-0.01324503	9.55229400
78.97356926	0.00427259	5.12711000
79.01356926	-0.01324503	5.12711000
79.05356926	0.00427259	5.12711000
79.09356925	-0.01324503	5.12711000
79.13356925	-0.01324503	5.12711000
79.17356925	0.00427259	9.55229400
79.21356925	0.00427259	9.55229400
79.25356925	-0.01324503	5.12711000
79.29356925	-0.01324503	5.12711000
79.33356925	-0.01324503	5.12711000
79.37356925	0.00427259	5.12711000
79.41356925	0.00427259	5.12711000
79.45356925	0.00427259	5.12711000
79.49356925	-0.01324503	5.12711000
79.53356925	-0.01324503	5.12711000
79.57356925	-0.01324503	5.12711000
79.61356925	-0.01324503	5.12711000
79.65356925	-0.01324503	5.12711000
79.69356925	-0.01324503	5.12711000
79.73356925	0.00427259	5.12711000
79.77356925	-0.01324503	5.12711000
79.81356925	-0.01324503	5.12711000
79.85356925	0.00427259	5.12711000
79.89356925	-0.01324503	5.12711000
79.93356925	0.00427259	5.12711000
79.97356925	-0.01324503	5.12711000
80.01356925	0.00427259	5.12711000
80.05356925	-0.01324503	5.12711000
80.09356925	0.00427259	5.12711000
80.13356925	0.00427259	5.12711000
80.17356925	-0.01324503	5.12711000
80.21356925	-0.01324503	5.12711000
80.25356925	0.00427259	5.12711000
80.29356925	-0.01324503	5.12711000
80.33356925	-0.01324503	5.12711000
80.37356925	-0.01324503	5.12711000
80.41356925	0.00427259	5.12711000
80.45356925	0.00427259	9.55229400
80.49356925	-0.01324503	5.12711000
80.53356925	-0.01324503	5.12711000
80.57356925	-0.01324503	5.12711000
80.61356925	0.00427259	5.12711000
80.65356925	-0.01324503	5.12711000
80.69356925	-0.01324503	5.12711000
80.73356924	0.00427259	5.12711000
80.77356924	-0.04828028	-34.80636000
80.81356924	-0.08337657	-17.05985000
80.85356924	-0.03076266	5.12711000
80.89356924	-0.06579791	0.68666640
80.93356924	-0.03076266	5.12711000
80.97356924	-0.01324503	13.99274000
81.01356924	0.00427259	9.55229400
81.05356924	-0.01324503	-3.75377700
81.09356924	-0.01324503	5.12711000
81.13356924	-0.01324503	5.12711000
81.17356924	-0.01324503	5.12711000
81.21356924	-0.01324503	5.12711000
81.25356924	-0.01324503	5.12711000
81.29356924	0.00427259	5.12711000
81.33356924	-0.01324503	5.12711000
81.37356924	-0.01324503	0.68666640
81.41356924	-0.01324503	9.55229400
81.45356924	-0.01324503	5.12711000
81.49356924	0.00427259	5.12711000
81.53356924	0.00427259	0.68666640
81.57356924	0.00427259	5.12711000
81.61356924	0.00427259	5.12711000
81.65356924	0.00427259	5.12711000
81.69356924	0.00427259	5.12711000
81.73356924	0.00427259	5.12711000
81.77356924	0.00427259	5.12711000
81.81356924	0.00427259	5.12711000
81.85356924	0.00427259	5.12711000
81.89356924	0.00427259	5.12711000
81.93356924	0.00427259	9.55229400
81.97356924	-0.01324503	5.12711000
82.01356924	0.00427259	5.12711000
82.05356924	0.00427259	5.12711000
82.09356924	-0.01324503	5.12711000
82.13356924	-0.01324503	5.12711000
82.17356924	0.00427259	5.12711000
82.21356924	-0.01324503	5.12711000
82.25356924	-0.01324503	5.12711000
82.29356924	-0.01324503	5.12711000
82.33356924	0.00427259	5.12711000
82.37356924	-0.01324503	9.55229400
82.41356923	-0.01324503	5.12711000
82.45356923	0.00427259	5.12711000
82.49356923	-0.01324503	5.12711000
82.53356923	0.00427259	5.12711000
82.57356923	0.00427259	5.12711000
82.61356923	-0.01324503	5.12711000
82.65356923	0.00427259	5.12711000
82.69356923	0.00427259	5.12711000
82.73356923	-0.01324503	5.12711000
82.77356923	-0.01324503	5.12711000
82.81356923	0.00427259	5.12711000
82.85356923	-0.01324503	5.12711000
82.89356923	0.00427259	5.12711000
82.93356923	-0.01324503	5.12711000
82.97356923	0.00427259	9.55229400
83.01356923	0.00427259	5.12711000
83.05356923	-0.01324503	5.12711000
83.09356923	0.00427259	5.12711000
83.13356923	0.00427259	5.12711000
83.17356923	-0.01324503	5.12711000
83.21356923	0.00427259	5.12711000
83.25356923	0.00427259	5.12711000
83.29356923	-0.01324503	5.12711000
83.33356923	-0.01324503	5.12711000
83.37356923	-0.01324503	5.12711000
83.41356923	-0.01324503	5.12711000
83.45356923	-0.01324503	5.12711000
83.49356923	0.00427259	0.68666640
83.53356923	0.00427259	9.55229400
83.57356923	-0.01324503	0.68666640
83.61356923	-0.01324503	5.12711000
83.65356923	0.00427259	5.12711000
83.69356923	0.00427259	5.12711000
83.73356923	0.00427259	5.12711000
83.77356923	-0.01324503	5.12711000
83.81356923	0.00427259	5.12711000
83.85356923	-0.01324503	5.12711000
83.89356923	0.00427259	5.12711000
83.93356923	-0.01324503	5.12711000
83.97356923	0.00427259	5.12711000
84.01356923	0.00427259	5.12711000
84.05356922	-0.01324503	5.12711000
84.09356922	0.00427259	5.12711000
84.13356922	-0.01324503	5.12711000
84.17356922	0.00427259	5.12711000
84.21356922	-0.01324503	5.12711000
84.25356922	0.00427259	5.12711000
84.29356922	-0.01324503	5.12711000
84.33356922	0.00427259	5.12711000
84.37356922	0.00427259	5.12711000
84.41356922	-0.01324503	5.12711000
84.45356922	-0.01324503	5.12711000
84.49356922	-0.01324503	9.55229400
84.53356922	-0.01324503	5.12711000
84.57356922	-0.01324503	9.55229400
84.61356922	0.00427259	0.68666640
84.65356922	-0.01324503	5.12711000
84.69356922	-0.01324503	5.12711000
84.73356922	-0.01324503	5.12711000
84.77356922	-0.01324503	5.12711000
84.81356922	-0.01324503	5.12711000
84.85356922	-0.01324503	5.12711000
84.89356922	-0.01324503	5.12711000
84.93356922	-0.01324503	5.12711000
84.97356922	0.00427259	5.12711000
85.01356922	-0.01324503	0.68666640
85.05356922	-0.01324503	5.12711000
85.09356922	0.00427259	9.55229400
85.13356922	-0.01324503	5.12711000
85.17356922	0.00427259	5.12711000
85.21356922	-0.01324503	0.68666640
85.25356922	0.00427259	9.55229400
85.29356922	0.00427259	5.12711000
85.33356922	0.00427259	5.12711000
85.37356922	-0.01324503	5.12711000
85.41356922	0.00427259	5.12711000
85.45356922	-0.01324503	5.12711000
85.49356922	-0.01324503	5.12711000
85.53356922	0.00427259	5.12711000
85.57356922	-0.01324503	5.12711000
85.61356922	-0.01324503	0.68666640
85.65356922	-0.01324503	5.12711000
85.69356921	-0.01324503	5.12711000
85.73356921	0.00427259	5.12711000
85.77356921	0.00427259	13.99274000
85.81356921	0.03930784	22.87362000
85.85356921	0.02179022	13.99274000
85.89356921	0.03930784	5.12711000
85.93356921	0.02179022	5.12711000
85.97356921	0.00427259	5.12711000
86.01356921	0.00427259	5.12711000
86.05356921	0.00427259	5.12711000
86.09356921	0.00427259	5.12711000
86.13356921	0.00427259	5.12711000
86.17356921	0.00427259	5.12711000
86.21356921	-0.01324503	0.68666640
86.25356921	-0.01324503	5.12711000
86.29356921	0.00427259	9.55229400
86.33356921	-0.01324503	5.12711000
86.37356921	0.00427259	5.12711000
86.41356921	-0.01324503	5.12711000
86.45356921	-0.01324503	5.12711000
86.49356921	-0.01324503	5.12711000
86.53356921	0.00427259	5.12711000
86.57356921	0.00427259	5.12711000
86.61356921	-0.01324503	5.12711000
86.65356921	-0.01324503	0.68666640
86.69356921	0.00427259	5.12711000
86.73356921	-0.01324503	5.12711000
86.77356921	-0.01324503	5.12711000
86.81356921	0.00427259	5.12711000
86.85356921	-0.01324503	5.12711000
86.89356921	-0.01324503	0.68666640
86.93356921	-0.01324503	5.12711000
86.97356921	-0.01324503	5.12711000
87.01356921	-0.01324503	5.12711000
87.05356921	-0.01324503	0.68666640
87.09356921	-0.01324503	5.12711000
87.13356921	0.00427259	5.12711000
87.17356921	-0.01324503	0.68666640
87.21356921	-0.01324503	5.12711000
87.25356921	-0.01324503	0.68666640
87.29356921	-0.01324503	5.12711000
87.33356920	-0.01324503	5.12711000
87.37356920	-0.01324503	5.12711000
87.41356920	0.00427259	5.12711000
87.45356920	-0.01324503	5.12711000
87.49356920	-0.01324503	5.12711000
87.53356920	-0.01324503	5.12711000
87.57356920	-0.01324503	5.12711000
87.61356920	-0.01324503	5.12711000
87.65356920	-0.01324503	5.12711000
87.69356920	-0.01324503	0.68666640
87.73356920	0.00427259	5.12711000
87.77356920	-0.01324503	0.68666640
87.81356920	0.00427259	5.12711000
87.85356920	0.00427259	0.68666640
87.89356920	-0.01324503	5.12711000
87.93356920	-0.01324503	0.68666640
87.97356920	-0.01324503	0.68666640
88.01356920	-0.01324503	5.12711000
88.05356920	-0.01324503	5.12711000
88.09356920	0.00427259	0.68666640
88.13356920	-0.01324503	5.12711000
88.17356920	-0.01324503	0.68666640
88.21356920	-0.01324503	0.68666640
88.25356920	-0.01324503	5.12711000
88.29356920	-0.01324503	0.68666640
88.33356920	-0.01324503	5.12711000
88.37356920	-0.01324503	5.12711000
88.41356920	0.00427259	5.12711000
88.45356920	-0.01324503	0.68666640
88.49356920	-0.01324503	5.12711000
88.53356920	-0.01324503	5.12711000
88.57356920	-0.01324503	5.12711000
88.61356920	-0.01324503	0.68666640
88.65356920	-0.01324503	5.12711000
88.69356920	0.00427259	5.12711000
88.73356920	0.00427259	5.12711000
88.77356920	-0.01324503	0.68666640
88.81356920	-0.01324503	5.12711000
88.85356920	-0.01324503	5.12711000
88.89356920	0.00427259	5.12711000
88.93356920	0.00427259	5.12711000
88.97356919	0.00427259	5.12711000
89.01356919	-0.01324503	5.12711000
89.05356919	-0.01324503	5.12711000
89.09356919	0.00427259	5.12711000
89.13356919	-0.01324503	5.12711000
89.17356919	-0.01324503	5.12711000
89.21356919	-0.01324503	5.12711000
89.25356919	-0.01324503	5.12711000
89.29356919	0.00427259	5.12711000
89.33356919	0.00427259	5.12711000
89.37356919	0.00427259	5.12711000
89.41356919	-0.01324503	5.12711000
89.45356919	-0.01324503	5.12711000
89.49356919	-0.01324503	5.12711000
89.53356919	-0.01324503	5.12711000
89.57356919	-0.01324503	5.12711000
89.61356919	-0.01324503	5.12711000
89.65356919	-0.01324503	5.12711000
89.69356919	-0.01324503	5.12711000
89.73356919	0.00427259	5.12711000
89.77356919	-0.01324503	5.12711000
89.81356919	-0.01324503	0.68666640
89.85356919	-0.01324503	5.12711000
89.89356919	-0.01324503	5.12711000
89.93356919	-0.01324503	5.12711000
89.97356919	0.00427259	5.12711000
90.01356919	0.00427259	5.12711000
90.05356919	0.00427259	5.12711000
90.09356919	-0.01324503	5.12711000
90.13356919	0.00427259	5.12711000
90.17356919	-0.01324503	5.12711000
90.21356919	-0.01324503	5.12711000
90.25356919	-0.01324503	5.12711000
90.29356919	0.00427259	5.12711000
90.33356919	0.00427259	5.12711000
90.37356919	0.00427259	5.12711000
90.41356919	0.00427259	5.12711000
90.45356919	-0.01324503	5.12711000
90.49356919	0.00427259	5.12711000
90.53356919	-0.01324503	5.12711000
90.57356919	-0.01324503	5.12711000
90.61356918	0.00427259	5.12711000
90.65356918	-0.01324503	5.12711000
90.69356918	-0.01324503	5.12711000
90.73356918	-0.01324503	5.12711000
90.77356918	-0.01324503	5.12711000
90.81356918	-0.01324503	5.12711000
90.85356918	-0.01324503	0.68666640
90.89356918	0.00427259	5.12711000
90.93356918	0.00427259	0.68666640
90.97356918	0.00427259	5.12711000
91.01356918	-0.01324503	5.12711000
91.05356918	-0.01324503	5.12711000
91.09356918	0.00427259	5.12711000
91.13356918	0.00427259	5.12711000
91.17356918	0.00427259	5.12711000
91.21356918	0.00427259	5.12711000
91.25356918	0.00427259	9.55229400
91.29356918	-0.01324503	-3.75377700
91.33356918	0.00427259	9.55229400
91.37356918	0.00427259	5.12711000
91.41356918	0.00427259	9.55229400
91.45356918	-0.01324503	5.12711000
91.49356918	-0.01324503	5.12711000
91.53356918	0.00427259	0.68666640
91.57356918	0.00427259	5.12711000
91.61356918	0.00427259	5.12711000
91.65356918	0.00427259	5.12711000
91.69356918	0.00427259	5.12711000
