t	vin	vout
-1.81071402	0.00427259	0.68666640
-1.77071403	-0.01324503	0.68666640
-1.73071403	-0.01324503	0.68666640
-1.69071403	-0.01324503	0.68666640
-1.65071403	0.00427259	0.68666640
-1.61071403	-0.01324503	0.68666640
-1.57071403	-0.01324503	0.68666640
-1.53071403	-0.01324503	0.68666640
-1.49071403	-0.01324503	0.68666640
-1.45071403	0.00427259	0.68666640
-1.41071403	-0.01324503	-3.75377700
-1.37071403	-0.01324503	0.68666640
-1.33071403	-0.01324503	-3.75377700
-1.29071403	-0.01324503	0.68666640
-1.25071403	-0.01324503	-3.75377700
-1.21071403	-0.01324503	0.68666640
-1.17071403	-0.01324503	0.68666640
-1.13071403	-0.01324503	0.68666640
-1.09071403	-0.01324503	-3.75377700
-1.05071403	0.00427259	0.68666640
-1.01071403	0.00427259	0.68666640
-0.97071403	-0.01324503	-3.75377700
-0.93071403	-0.01324503	0.68666640
-0.89071403	0.00427259	0.68666640
-0.85071403	-0.01324503	0.68666640
-0.81071403	-0.01324503	0.68666640
-0.77071403	-0.01324503	0.68666640
-0.73071403	-0.01324503	0.68666640
-0.69071403	-0.01324503	0.68666640
-0.65071403	-0.01324503	0.68666640
-0.61071403	-0.01324503	0.68666640
-0.57071403	-0.01324503	0.68666640
-0.53071403	-0.01324503	0.68666640
-0.49071403	-0.01324503	0.68666640
-0.45071403	-0.01324503	0.68666640
-0.41071403	-0.01324503	0.68666640
-0.37071403	-0.01324503	-3.75377700
-0.33071403	-0.01324503	0.68666640
-0.29071403	0.00427259	0.68666640
-0.25071403	-0.01324503	0.68666640
-0.21071403	-0.01324503	-3.75377700
-0.17071403	0.00427259	0.68666640
-0.13071404	0.00427259	0.68666640
-0.09071404	0.03930784	0.68666640
-0.05071404	0.05682547	0.68666640
-0.01071404	0.07434309	0.68666640
0.02928596	0.10937830	0.68666640
0.06928596	0.12689600	0.68666640
0.10928596	0.17950990	0.68666640
0.14928596	0.21454510	0.68666640
0.18928596	0.24958040	5.12711000
0.22928596	0.28467670	0.68666640
0.26928596	0.31971190	5.12711000
0.30928596	0.35474720	5.12711000
0.34928596	0.38984350	5.12711000
0.38928596	0.40736110	5.12711000
0.42928596	0.45991390	5.12711000
0.46928596	0.47743160	9.55229400
0.50928596	0.49501030	9.55229400
0.54928596	0.53004550	13.99274000
0.58928596	0.54756310	13.99274000
0.62928596	0.56508080	13.99274000
0.66928596	0.58259840	18.43318000
0.70928596	0.60017700	18.43318000
0.74928596	0.61769470	18.43318000
0.78928596	0.65272990	22.87362000
0.82928596	0.67024760	22.87362000
0.86928596	0.67024760	27.29881000
0.90928596	0.68776520	27.29881000
0.94928596	0.70528270	27.29881000
0.98928596	0.72286140	31.72399000
1.02928596	0.74037910	31.72399000
1.06928596	0.74037910	31.72399000
1.10928596	0.75789670	36.16443000
1.14928596	0.77541430	36.16443000
1.18928596	0.79293190	40.60488000
1.22928596	0.79293190	45.04532000
1.26928596	0.81044960	40.60488000
1.30928596	0.81044960	45.04532000
1.34928596	0.82802830	49.47050000
1.38928596	0.84554580	49.47050000
1.42928596	0.84554580	49.47050000
1.46928596	0.84554580	53.91095000
1.50928595	0.84554580	58.35139000
1.54928595	0.88058110	58.35139000
1.58928595	0.88058110	58.35139000
1.62928595	0.88058110	62.79184000
1.66928595	0.88058110	67.21702000
1.70928595	0.89809870	67.21702000
1.74928595	0.89809870	67.21702000
1.78928595	0.91561640	76.09790000
1.82928595	0.91561640	71.65746000
1.86928595	0.91561640	76.09790000
1.90928595	0.91561640	80.53835000
1.94928595	0.91561640	76.09790000
1.98928595	0.93313400	80.53835000
2.02928595	0.93313400	84.96352000
2.06928595	0.95071260	84.96352000
2.10928595	0.95071260	89.40398000
2.14928595	0.95071260	89.40398000
2.18928595	0.95071260	93.84441000
2.22928595	0.95071260	98.28486000
2.26928595	0.95071260	98.28486000
2.30928595	0.95071260	102.72530000
2.34928595	0.95071260	102.72530000
2.38928595	0.95071260	102.72530000
2.42928595	0.95071260	107.15050000
2.46928595	0.95071260	107.15050000
2.50928595	0.95071260	111.59090000
2.54928595	0.96823030	111.59090000
2.58928595	0.96823030	116.03140000
2.62928595	0.96823030	116.03140000
2.66928595	0.96823030	116.03140000
2.70928595	0.95071260	120.47180000
2.74928595	0.96823030	124.89700000
2.78928595	0.96823030	120.47180000
2.82928595	0.96823030	129.33740000
2.86928595	0.96823030	129.33740000
2.90928595	0.96823030	133.77790000
2.94928595	0.96823030	129.33740000
2.98928595	0.96823030	133.77790000
3.02928595	0.96823030	138.21830000
3.06928595	0.96823030	138.21830000
3.10928595	0.98574790	124.89700000
3.14928594	0.96823030	138.21830000
3.18928594	0.96823030	138.21830000
3.22928594	0.96823030	116.03140000
3.26928594	0.96823030	147.08400000
3.30928594	0.96823030	147.08400000
3.34928594	0.98574790	138.21830000
3.38928594	0.96823030	155.96480000
3.42928594	0.96823030	155.96480000
3.46928594	0.96823030	155.96480000
3.50928594	0.96823030	155.96480000
3.54928594	0.96823030	164.83050000
3.58928594	0.96823030	160.39000000
3.62928594	0.96823030	164.83050000
3.66928594	0.96823030	164.83050000
3.70928594	0.96823030	169.27090000
3.74928594	0.96823030	169.27090000
3.78928594	0.96823030	173.71130000
3.82928594	0.96823030	169.27090000
3.86928594	0.96823030	173.71130000
3.90928594	0.96823030	173.71130000
3.94928594	0.96823030	178.15180000
3.98928594	0.96823030	178.15180000
4.02928594	0.96823030	178.15180000
4.06928594	0.96823030	182.57700000
4.10928594	0.96823030	182.57700000
4.14928594	0.96823030	182.57700000
4.18928594	0.96823030	182.57700000
4.22928594	0.96823030	187.01740000
4.26928594	0.96823030	187.01740000
4.30928594	0.96823030	187.01740000
4.34928594	0.96823030	191.45790000
4.38928594	0.96823030	195.89830000
4.42928594	0.96823030	191.45790000
4.46928594	0.96823030	195.89830000
4.50928594	0.96823030	195.89830000
4.54928594	0.96823030	200.32350000
4.58928594	0.96823030	200.32350000
4.62928594	0.96823030	200.32350000
4.66928594	0.96823030	200.32350000
4.70928594	0.96823030	204.76390000
4.74928594	0.96823030	204.76390000
4.78928593	0.96823030	209.20440000
4.82928593	0.96823030	209.20440000
4.86928593	0.96823030	209.20440000
4.90928593	0.96823030	209.20440000
4.94928593	0.96823030	213.64480000
4.98928593	0.96823030	213.64480000
5.02928593	0.96823030	213.64480000
5.06928593	0.96823030	218.07000000
5.10928593	0.96823030	213.64480000
5.14928593	0.96823030	218.07000000
5.18928593	0.96823030	218.07000000
5.22928593	0.96823030	218.07000000
5.26928593	0.96823030	222.51040000
5.30928593	0.96823030	222.51040000
5.34928593	0.96823030	222.51040000
5.38928593	0.96823030	226.95090000
5.42928593	0.96823030	226.95090000
5.46928593	0.96823030	226.95090000
5.50928593	0.96823030	226.95090000
5.54928593	0.96823030	231.39130000
5.58928593	0.96823030	231.39130000
5.62928593	0.96823030	231.39130000
5.66928593	0.96823030	235.81650000
5.70928593	0.96823030	235.81650000
5.74928593	0.96823030	235.81650000
5.78928593	0.96823030	235.81650000
5.82928593	0.96823030	235.81650000
5.86928593	0.96823030	240.25700000
5.90928593	0.96823030	240.25700000
5.94928593	0.96823030	235.81650000
5.98928593	0.96823030	244.69740000
6.02928593	0.96823030	240.25700000
6.06928593	0.96823030	244.69740000
6.10928593	0.96823030	244.69740000
6.14928593	0.96823030	249.13780000
6.18928593	0.96823030	244.69740000
6.22928593	0.96823030	244.69740000
6.26928593	0.96823030	244.69740000
6.30928593	0.96823030	249.13780000
6.34928593	0.96823030	249.13780000
6.38928593	0.96823030	249.13780000
6.42928592	0.96823030	253.57830000
6.46928592	0.98574790	253.57830000
6.50928592	0.96823030	253.57830000
6.54928592	0.96823030	253.57830000
6.58928592	0.96823030	253.57830000
6.62928592	0.98574790	258.00350000
6.66928592	0.96823030	258.00350000
6.70928592	0.96823030	258.00350000
6.74928592	0.98574790	258.00350000
6.78928592	0.96823030	262.44390000
6.82928592	0.96823030	262.44390000
6.86928592	0.96823030	262.44390000
6.90928592	0.96823030	262.44390000
6.94928592	0.96823030	262.44390000
6.98928592	0.96823030	262.44390000
7.02928592	0.96823030	266.88440000
7.06928592	0.96823030	266.88440000
7.10928592	0.96823030	262.44390000
7.14928592	0.96823030	271.32480000
7.18928592	0.96823030	266.88440000
7.22928592	0.96823030	271.32480000
7.26928592	0.96823030	271.32480000
7.30928592	0.96823030	271.32480000
7.34928592	0.96823030	271.32480000
7.38928592	0.98574790	271.32480000
7.42928592	0.96823030	271.32480000
7.46928592	0.96823030	275.75000000
7.50928592	0.96823030	275.75000000
7.54928592	0.96823030	275.75000000
7.58928592	0.96823030	275.75000000
7.62928592	0.96823030	275.75000000
7.66928592	0.96823030	275.75000000
7.70928592	0.96823030	280.19040000
7.74928592	0.96823030	280.19040000
7.78928592	0.96823030	280.19040000
7.82928592	0.96823030	280.19040000
7.86928592	0.96823030	280.19040000
7.90928592	0.96823030	284.63090000
7.94928592	0.96823030	280.19040000
7.98928592	0.96823030	280.19040000
8.02928592	0.96823030	275.75000000
8.06928592	0.96823030	284.63090000
8.10928591	0.96823030	271.32480000
8.14928591	0.96823030	289.07130000
8.18928591	0.96823030	284.63090000
8.22928591	0.96823030	280.19040000
8.26928591	0.96823030	289.07130000
8.30928591	0.96823030	284.63090000
8.34928591	0.96823030	284.63090000
8.38928591	0.96823030	289.07130000
8.42928591	0.96823030	289.07130000
8.46928591	0.96823030	289.07130000
8.50928591	0.98574790	284.63090000
8.54928591	0.96823030	289.07130000
8.58928591	0.96823030	293.49650000
8.62928591	0.96823030	289.07130000
8.66928591	0.96823030	293.49650000
8.70928591	0.96823030	289.07130000
8.74928591	0.96823030	293.49650000
8.78928591	0.98574790	293.49650000
8.82928591	0.96823030	293.49650000
8.86928591	0.96823030	293.49650000
8.90928591	0.96823030	293.49650000
8.94928591	0.96823030	293.49650000
8.98928591	0.96823030	293.49650000
9.02928591	0.96823030	297.93700000
9.06928591	0.96823030	293.49650000
9.10928591	0.98574790	289.07130000
9.14928591	0.96823030	297.93700000
9.18928591	0.96823030	293.49650000
9.22928591	0.96823030	297.93700000
9.26928591	0.98574790	297.93700000
9.30928591	0.96823030	297.93700000
9.34928591	0.98574790	297.93700000
9.38928591	0.96823030	297.93700000
9.42928591	0.98574790	297.93700000
9.46928591	0.98574790	297.93700000
9.50928591	0.96823030	297.93700000
9.54928591	0.98574790	297.93700000
9.58928591	0.96823030	297.93700000
9.62928591	0.96823030	302.37740000
9.66928591	0.98574790	297.93700000
9.70928591	0.98574790	302.37740000
9.74928590	0.98574790	302.37740000
9.78928590	0.96823030	302.37740000
9.82928590	0.96823030	302.37740000
9.86928590	0.96823030	302.37740000
9.90928590	0.96823030	302.37740000
9.94928590	0.96823030	302.37740000
9.98928590	0.96823030	302.37740000
10.02928590	0.98574790	302.37740000
10.06928590	0.98574790	306.81780000
10.10928590	0.98574790	302.37740000
10.14928590	0.96823030	302.37740000
10.18928590	0.96823030	306.81780000
10.22928590	0.96823030	302.37740000
10.26928590	0.96823030	306.81780000
10.30928590	0.96823030	302.37740000
10.34928590	0.96823030	306.81780000
10.38928590	0.96823030	302.37740000
10.42928590	0.96823030	306.81780000
10.46928590	0.96823030	306.81780000
10.50928590	0.96823030	306.81780000
10.54928590	0.96823030	306.81780000
10.58928590	0.96823030	302.37740000
10.62928590	0.96823030	306.81780000
10.66928590	0.96823030	306.81780000
10.70928590	0.98574790	306.81780000
10.74928590	0.98574790	306.81780000
10.78928590	0.96823030	306.81780000
10.82928590	0.96823030	306.81780000
10.86928590	0.96823030	306.81780000
10.90928590	0.96823030	306.81780000
10.94928590	0.96823030	306.81780000
10.98928590	0.96823030	306.81780000
11.02928590	0.96823030	306.81780000
11.06928590	0.96823030	306.81780000
11.10928590	0.96823030	306.81780000
11.14928590	0.96823030	311.25830000
11.18928590	0.96823030	311.25830000
11.22928590	0.96823030	306.81780000
11.26928590	0.96823030	306.81780000
11.30928590	0.96823030	306.81780000
11.34928590	0.98574790	306.81780000
11.38928589	0.98574790	306.81780000
11.42928589	0.98574790	306.81780000
11.46928589	0.98574790	311.25830000
11.50928589	0.96823030	306.81780000
11.54928589	0.96823030	306.81780000
11.58928589	0.96823030	311.25830000
11.62928589	0.96823030	306.81780000
11.66928589	0.96823030	311.25830000
11.70928589	0.98574790	306.81780000
11.74928589	0.98574790	311.25830000
11.78928589	0.96823030	311.25830000
11.82928589	0.96823030	306.81780000
11.86928589	0.98574790	311.25830000
11.90928589	0.96823030	311.25830000
11.94928589	0.96823030	306.81780000
11.98928589	0.96823030	311.25830000
12.02928589	0.96823030	311.25830000
12.06928589	0.96823030	311.25830000
12.10928589	0.96823030	311.25830000
12.14928589	0.96823030	311.25830000
12.18928589	0.96823030	311.25830000
12.22928589	0.96823030	311.25830000
12.26928589	0.96823030	306.81780000
12.30928589	0.98574790	311.25830000
12.34928589	0.98574790	311.25830000
12.38928589	0.96823030	306.81780000
12.42928589	0.96823030	311.25830000
12.46928589	0.98574790	306.81780000
12.50928589	0.96823030	311.25830000
12.54928589	0.96823030	306.81780000
12.58928589	0.96823030	306.81780000
12.62928589	0.96823030	306.81780000
12.66928589	0.98574790	311.25830000
12.70928589	0.98574790	311.25830000
12.74928589	0.98574790	311.25830000
12.78928589	0.96823030	311.25830000
12.82928589	0.96823030	306.81780000
12.86928589	0.96823030	311.25830000
12.90928589	0.96823030	311.25830000
12.94928589	0.96823030	311.25830000
12.98928589	0.98574790	311.25830000
13.02928588	0.96823030	306.81780000
13.06928588	0.98574790	311.25830000
13.10928588	0.98574790	311.25830000
13.14928588	0.96823030	306.81780000
13.18928588	0.98574790	306.81780000
13.22928588	0.96823030	311.25830000
13.26928588	0.98574790	311.25830000
13.30928588	0.96823030	306.81780000
13.34928588	0.96823030	311.25830000
13.38928588	0.98574790	306.81780000
13.42928588	0.96823030	311.25830000
13.46928588	0.96823030	306.81780000
13.50928588	0.96823030	306.81780000
13.54928588	0.96823030	306.81780000
13.58928588	0.98574790	306.81780000
13.62928588	0.96823030	306.81780000
13.66928588	0.96823030	306.81780000
13.70928588	0.98574790	306.81780000
13.74928588	0.98574790	306.81780000
13.78928588	0.96823030	306.81780000
13.82928588	0.96823030	306.81780000
13.86928588	0.96823030	311.25830000
13.90928588	0.96823030	306.81780000
13.94928588	0.98574790	306.81780000
13.98928588	0.96823030	306.81780000
14.02928588	0.98574790	306.81780000
14.06928588	0.96823030	306.81780000
14.10928588	0.96823030	306.81780000
14.14928588	0.96823030	306.81780000
14.18928588	0.96823030	306.81780000
14.22928588	0.96823030	306.81780000
14.26928588	0.96823030	306.81780000
14.30928588	0.96823030	306.81780000
14.34928588	0.96823030	306.81780000
14.38928588	0.96823030	306.81780000
14.42928588	0.96823030	306.81780000
14.46928588	0.96823030	306.81780000
14.50928588	0.98574790	302.37740000
14.54928588	0.96823030	306.81780000
14.58928588	0.98574790	302.37740000
14.62928588	0.98574790	306.81780000
14.66928587	0.98574790	306.81780000
14.70928587	0.96823030	306.81780000
14.74928587	0.96823030	306.81780000
14.78928587	0.96823030	302.37740000
14.82928587	0.96823030	306.81780000
14.86928587	0.96823030	302.37740000
14.90928587	0.98574790	306.81780000
14.94928587	0.98574790	306.81780000
14.98928587	0.98574790	306.81780000
15.02928587	0.98574790	302.37740000
15.06928587	0.96823030	302.37740000
15.10928587	0.96823030	302.37740000
15.14928587	0.98574790	302.37740000
15.18928587	0.98574790	302.37740000
15.22928587	0.96823030	302.37740000
15.26928587	0.98574790	302.37740000
15.30928587	0.98574790	302.37740000
15.34928587	0.96823030	302.37740000
15.38928587	0.96823030	297.93700000
15.42928587	0.96823030	297.93700000
15.46928587	0.96823030	302.37740000
15.50928587	0.96823030	302.37740000
15.54928587	0.96823030	297.93700000
15.58928587	0.98574790	297.93700000
15.62928587	0.96823030	297.93700000
15.66928587	0.96823030	297.93700000
15.70928587	0.96823030	297.93700000
15.74928587	0.96823030	297.93700000
15.78928587	0.98574790	297.93700000
15.82928587	0.96823030	297.93700000
15.86928587	0.98574790	297.93700000
15.90928587	0.98574790	297.93700000
15.94928587	0.98574790	293.49650000
15.98928587	0.96823030	297.93700000
16.02928587	0.96823030	297.93700000
16.06928587	0.96823030	297.93700000
16.10928587	0.96823030	297.93700000
16.14928587	0.96823030	297.93700000
16.18928587	0.96823030	297.93700000
16.22928587	0.98574790	293.49650000
16.26928587	0.96823030	297.93700000
16.30928586	0.96823030	297.93700000
16.34928586	0.98574790	297.93700000
16.38928586	0.96823030	293.49650000
16.42928586	0.96823030	297.93700000
16.46928586	0.96823030	293.49650000
16.50928586	0.98574790	297.93700000
16.54928586	0.98574790	293.49650000
16.58928586	0.96823030	293.49650000
16.62928586	0.96823030	293.49650000
16.66928586	0.96823030	293.49650000
16.70928586	0.96823030	293.49650000
16.74928586	0.98574790	293.49650000
16.78928586	0.96823030	293.49650000
16.82928586	0.98574790	289.07130000
16.86928586	0.96823030	289.07130000
16.90928586	0.96823030	289.07130000
16.94928586	0.98574790	289.07130000
16.98928586	0.96823030	289.07130000
17.02928586	0.96823030	293.49650000
17.06928586	0.96823030	289.07130000
17.10928586	0.96823030	289.07130000
17.14928586	0.98574790	289.07130000
17.18928586	0.98574790	289.07130000
17.22928586	0.98574790	289.07130000
17.26928586	0.98574790	289.07130000
17.30928586	0.98574790	289.07130000
17.34928586	0.96823030	289.07130000
17.38928586	0.96823030	289.07130000
17.42928586	0.96823030	289.07130000
17.46928586	0.96823030	289.07130000
17.50928586	0.98574790	284.63090000
17.54928586	0.98574790	289.07130000
17.58928586	0.98574790	284.63090000
17.62928586	0.96823030	289.07130000
17.66928586	0.98574790	284.63090000
17.70928586	0.98574790	289.07130000
17.74928586	0.98574790	284.63090000
17.78928586	0.98574790	284.63090000
17.82928586	0.98574790	284.63090000
17.86928586	0.98574790	284.63090000
17.90928586	0.98574790	284.63090000
17.94928585	0.98574790	284.63090000
17.98928585	0.98574790	284.63090000
18.02928585	0.96823030	280.19040000
18.06928585	0.96823030	284.63090000
18.10928585	0.98574790	284.63090000
18.14928585	0.98574790	284.63090000
18.18928585	0.96823030	280.19040000
18.22928585	0.96823030	284.63090000
18.26928585	0.96823030	284.63090000
18.30928585	0.96823030	275.75000000
18.34928585	0.96823030	293.49650000
18.38928585	0.96823030	275.75000000
18.42928585	0.96823030	297.93700000
18.46928585	0.96823030	293.49650000
18.50928585	0.98574790	271.32480000
18.54928585	0.96823030	302.37740000
18.58928585	0.98574790	275.75000000
18.62928585	0.96823030	275.75000000
18.66928585	0.96823030	280.19040000
18.70928585	0.96823030	280.19040000
18.74928585	0.98574790	275.75000000
18.78928585	0.98574790	275.75000000
18.82928585	0.96823030	280.19040000
18.86928585	0.96823030	271.32480000
18.90928585	0.98574790	280.19040000
18.94928585	0.98574790	280.19040000
18.98928585	0.98574790	275.75000000
19.02928585	0.96823030	275.75000000
19.06928585	0.98574790	275.75000000
19.10928585	0.98574790	275.75000000
19.14928585	0.98574790	275.75000000
19.18928585	0.98574790	275.75000000
19.22928585	0.98574790	275.75000000
19.26928585	0.98574790	275.75000000
19.30928585	0.96823030	275.75000000
19.34928585	0.96823030	275.75000000
19.38928585	0.96823030	271.32480000
19.42928585	0.96823030	275.75000000
19.46928585	0.96823030	271.32480000
19.50928585	0.98574790	271.32480000
19.54928585	0.96823030	271.32480000
19.58928585	0.96823030	271.32480000
19.62928584	0.98574790	266.88440000
19.66928584	0.96823030	271.32480000
19.70928584	0.98574790	271.32480000
19.74928584	0.98574790	271.32480000
19.78928584	0.96823030	266.88440000
19.82928584	0.98574790	271.32480000
19.86928584	0.96823030	271.32480000
19.90928584	0.96823030	266.88440000
19.94928584	0.98574790	266.88440000
19.98928584	0.96823030	266.88440000
20.02928584	0.98574790	271.32480000
20.06928584	0.96823030	266.88440000
20.10928584	0.96823030	266.88440000
20.14928584	0.98574790	266.88440000
20.18928584	0.96823030	266.88440000
20.22928584	0.98574790	266.88440000
20.26928584	0.98574790	266.88440000
20.30928584	0.98574790	266.88440000
20.34928584	0.98574790	262.44390000
20.38928584	0.98574790	266.88440000
20.42928584	0.98574790	262.44390000
20.46928584	0.98574790	262.44390000
20.50928584	0.98574790	262.44390000
20.54928584	0.96823030	262.44390000
20.58928584	0.98574790	262.44390000
20.62928584	0.98574790	262.44390000
20.66928584	0.98574790	262.44390000
20.70928584	0.96823030	262.44390000
20.74928584	0.98574790	258.00350000
20.78928584	0.98574790	262.44390000
20.82928584	0.96823030	258.00350000
20.86928584	0.98574790	258.00350000
20.90928584	0.96823030	258.00350000
20.94928584	0.98574790	258.00350000
20.98928584	0.98574790	258.00350000
21.02928584	0.96823030	253.57830000
21.06928584	0.98574790	258.00350000
21.10928584	0.98574790	253.57830000
21.14928584	0.98574790	253.57830000
21.18928584	0.98574790	253.57830000
21.22928584	0.96823030	258.00350000
21.26928583	0.98574790	253.57830000
21.30928583	0.98574790	253.57830000
21.34928583	0.98574790	258.00350000
21.38928583	0.98574790	249.13780000
21.42928583	0.96823030	258.00350000
21.46928583	0.96823030	253.57830000
21.50928583	0.98574790	253.57830000
21.54928583	0.98574790	253.57830000
21.58928583	0.96823030	253.57830000
21.62928583	0.96823030	253.57830000
21.66928583	0.96823030	253.57830000
21.70928583	0.96823030	249.13780000
21.74928583	0.98574790	249.13780000
21.78928583	0.98574790	249.13780000
21.82928583	0.96823030	253.57830000
21.86928583	0.96823030	249.13780000
21.90928583	0.96823030	249.13780000
21.94928583	0.98574790	244.69740000
21.98928583	0.98574790	249.13780000
22.02928583	0.98574790	244.69740000
22.06928583	0.98574790	249.13780000
22.10928583	0.96823030	244.69740000
22.14928583	0.98574790	244.69740000
22.18928583	0.98574790	249.13780000
22.22928583	0.98574790	249.13780000
22.26928583	0.98574790	249.13780000
22.30928583	0.98574790	244.69740000
22.34928583	0.98574790	244.69740000
22.38928583	0.98574790	244.69740000
22.42928583	0.98574790	244.69740000
22.46928583	0.96823030	244.69740000
22.50928583	0.96823030	244.69740000
22.54928583	0.98574790	244.69740000
22.58928583	0.96823030	240.25700000
22.62928583	0.96823030	240.25700000
22.66928583	0.98574790	240.25700000
22.70928583	0.98574790	244.69740000
22.74928583	0.98574790	244.69740000
22.78928583	0.98574790	235.81650000
22.82928583	0.96823030	240.25700000
22.86928583	0.96823030	240.25700000
22.90928582	0.98574790	240.25700000
22.94928582	0.98574790	240.25700000
22.98928582	0.98574790	235.81650000
23.02928582	0.98574790	240.25700000
23.06928582	0.98574790	235.81650000
23.10928582	0.98574790	240.25700000
23.14928582	0.98574790	235.81650000
23.18928582	0.96823030	244.69740000
23.22928582	0.98574790	244.69740000
23.26928582	0.98574790	235.81650000
23.30928582	0.98574790	244.69740000
23.34928582	0.98574790	235.81650000
23.38928582	0.98574790	235.81650000
23.42928582	0.98574790	244.69740000
23.46928582	0.98574790	235.81650000
23.50928582	0.98574790	235.81650000
23.54928582	0.98574790	235.81650000
23.58928582	0.98574790	231.39130000
23.62928582	0.98574790	231.39130000
23.66928582	0.98574790	235.81650000
23.70928582	0.98574790	231.39130000
23.74928582	0.98574790	231.39130000
23.78928582	0.96823030	235.81650000
23.82928582	0.96823030	226.95090000
23.86928582	0.96823030	231.39130000
23.90928582	0.98574790	226.95090000
23.94928582	0.96823030	231.39130000
23.98928582	0.98574790	226.95090000
24.02928582	0.96823030	226.95090000
24.06928582	0.98574790	226.95090000
24.10928582	0.98574790	226.95090000
24.14928582	0.98574790	226.95090000
24.18928582	0.96823030	222.51040000
24.22928582	0.98574790	226.95090000
24.26928582	0.98574790	226.95090000
24.30928582	0.98574790	226.95090000
24.34928582	0.98574790	226.95090000
24.38928582	0.98574790	226.95090000
24.42928582	0.98574790	222.51040000
24.46928582	0.98574790	226.95090000
24.50928582	0.96823030	226.95090000
24.54928581	0.98574790	222.51040000
24.58928581	0.98574790	222.51040000
24.62928581	0.98574790	222.51040000
24.66928581	0.98574790	222.51040000
24.70928581	0.98574790	222.51040000
24.74928581	0.96823030	222.51040000
24.78928581	0.98574790	222.51040000
24.82928581	0.98574790	222.51040000
24.86928581	0.96823030	218.07000000
24.90928581	0.98574790	218.07000000
24.94928581	0.98574790	218.07000000
24.98928581	0.96823030	218.07000000
25.02928581	0.98574790	218.07000000
25.06928581	0.96823030	218.07000000
25.10928581	0.96823030	218.07000000
25.14928581	0.96823030	218.07000000
25.18928581	0.96823030	218.07000000
25.22928581	0.98574790	218.07000000
25.26928581	0.98574790	218.07000000
25.30928581	0.98574790	213.64480000
25.34928581	0.96823030	218.07000000
25.38928581	0.98574790	213.64480000
25.42928581	0.98574790	218.07000000
25.46928581	0.98574790	213.64480000
25.50928581	0.98574790	213.64480000
25.54928581	0.98574790	213.64480000
25.58928581	0.98574790	213.64480000
25.62928581	0.98574790	209.20440000
25.66928581	0.98574790	213.64480000
25.70928581	0.98574790	213.64480000
25.74928581	0.96823030	213.64480000
25.78928581	0.98574790	213.64480000
25.82928581	0.98574790	209.20440000
25.86928581	0.96823030	213.64480000
25.90928581	0.96823030	209.20440000
25.94928581	0.98574790	209.20440000
25.98928581	0.98574790	209.20440000
26.02928581	0.98574790	209.20440000
26.06928581	0.98574790	209.20440000
26.10928581	0.98574790	209.20440000
26.14928581	0.96823030	209.20440000
26.18928580	0.96823030	209.20440000
26.22928580	0.98574790	209.20440000
26.26928580	0.98574790	204.76390000
26.30928580	0.98574790	209.20440000
26.34928580	0.98574790	209.20440000
26.38928580	0.96823030	204.76390000
26.42928580	0.96823030	204.76390000
26.46928580	0.98574790	204.76390000
26.50928580	0.98574790	204.76390000
26.54928580	0.96823030	204.76390000
26.58928580	0.98574790	204.76390000
26.62928580	0.98574790	209.20440000
26.66928580	0.96823030	204.76390000
26.70928580	0.96823030	204.76390000
26.74928580	0.96823030	204.76390000
26.78928580	0.98574790	200.32350000
26.82928580	0.96823030	204.76390000
26.86928580	0.98574790	200.32350000
26.90928580	0.98574790	200.32350000
26.94928580	0.96823030	200.32350000
26.98928580	0.96823030	195.89830000
27.02928580	0.98574790	200.32350000
27.06928580	0.98574790	195.89830000
27.10928580	0.98574790	200.32350000
27.14928580	0.96823030	200.32350000
27.18928580	0.98574790	195.89830000
27.22928580	0.96823030	195.89830000
27.26928580	0.98574790	195.89830000
27.30928580	0.98574790	195.89830000
27.34928580	0.98574790	195.89830000
27.38928580	0.98574790	195.89830000
27.42928580	0.98574790	195.89830000
27.46928580	0.98574790	195.89830000
27.50928580	0.98574790	195.89830000
27.54928580	0.98574790	195.89830000
27.58928580	0.98574790	195.89830000
27.62928580	0.98574790	195.89830000
27.66928580	0.98574790	195.89830000
27.70928580	0.98574790	191.45790000
27.74928580	0.98574790	195.89830000
27.78928580	0.98574790	191.45790000
27.82928579	0.96823030	191.45790000
27.86928579	0.98574790	191.45790000
27.90928579	0.98574790	191.45790000
27.94928579	0.98574790	191.45790000
27.98928579	0.96823030	191.45790000
28.02928579	0.96823030	191.45790000
28.06928579	0.96823030	191.45790000
28.10928579	0.98574790	187.01740000
28.14928579	0.96823030	191.45790000
28.18928579	0.98574790	187.01740000
28.22928579	0.98574790	191.45790000
28.26928579	0.98574790	187.01740000
28.30928579	0.98574790	187.01740000
28.34928579	0.96823030	187.01740000
28.38928579	0.98574790	187.01740000
28.42928579	0.98574790	187.01740000
28.46928579	0.98574790	187.01740000
28.50928579	0.98574790	187.01740000
28.54928579	0.98574790	187.01740000
28.58928579	0.98574790	187.01740000
28.62928579	0.98574790	187.01740000
28.66928579	0.98574790	182.57700000
28.70928579	0.98574790	182.57700000
28.74928579	0.98574790	182.57700000
28.78928579	0.98574790	182.57700000
28.82928579	0.98574790	182.57700000
28.86928579	0.98574790	182.57700000
28.90928579	0.96823030	182.57700000
28.94928579	0.96823030	182.57700000
28.98928579	0.96823030	182.57700000
29.02928579	0.96823030	182.57700000
29.06928579	0.96823030	178.15180000
29.10928579	0.96823030	178.15180000
29.14928579	0.96823030	178.15180000
29.18928579	0.96823030	178.15180000
29.22928579	0.98574790	178.15180000
29.26928579	0.98574790	178.15180000
29.30928579	0.98574790	178.15180000
29.34928579	0.98574790	178.15180000
29.38928579	0.98574790	173.71130000
29.42928579	0.98574790	178.15180000
29.46928578	0.98574790	173.71130000
29.50928578	0.98574790	178.15180000
29.54928578	0.96823030	178.15180000
29.58928578	0.96823030	173.71130000
29.62928578	0.98574790	173.71130000
29.66928578	0.98574790	173.71130000
29.70928578	0.98574790	173.71130000
29.74928578	0.98574790	173.71130000
29.78928578	0.96823030	173.71130000
29.82928578	0.98574790	173.71130000
29.86928578	0.96823030	173.71130000
29.90928578	0.98574790	173.71130000
29.94928578	0.98574790	173.71130000
29.98928578	0.96823030	173.71130000
30.02928578	0.98574790	173.71130000
30.06928578	0.98574790	173.71130000
30.10928578	0.98574790	173.71130000
30.14928578	0.98574790	169.27090000
30.18928578	0.98574790	173.71130000
30.22928578	0.98574790	169.27090000
30.26928578	0.98574790	169.27090000
30.30928578	0.96823030	169.27090000
30.34928578	0.96823030	169.27090000
30.38928578	0.98574790	169.27090000
30.42928578	0.98574790	164.83050000
30.46928578	0.98574790	169.27090000
30.50928578	0.98574790	169.27090000
30.54928578	0.98574790	164.83050000
30.58928578	0.98574790	169.27090000
30.62928578	0.98574790	164.83050000
30.66928578	0.98574790	164.83050000
30.70928578	0.96823030	164.83050000
30.74928578	0.98574790	164.83050000
30.78928578	0.98574790	164.83050000
30.82928578	0.98574790	164.83050000
30.86928578	0.96823030	164.83050000
30.90928578	0.96823030	164.83050000
30.94928578	0.96823030	160.39000000
30.98928578	0.98574790	164.83050000
31.02928578	0.98574790	164.83050000
31.06928578	0.98574790	164.83050000
31.10928577	0.98574790	164.83050000
31.14928577	0.98574790	164.83050000
31.18928577	0.96823030	160.39000000
31.22928577	0.98574790	164.83050000
31.26928577	0.98574790	160.39000000
31.30928577	0.98574790	164.83050000
31.34928577	0.96823030	160.39000000
31.38928577	0.98574790	164.83050000
31.42928577	0.98574790	160.39000000
31.46928577	0.98574790	160.39000000
31.50928577	0.98574790	160.39000000
31.54928577	0.96823030	160.39000000
31.58928577	0.96823030	160.39000000
31.62928577	0.98574790	160.39000000
31.66928577	0.98574790	160.39000000
31.70928577	0.98574790	155.96480000
31.74928577	0.98574790	160.39000000
31.78928577	0.98574790	155.96480000
31.82928577	0.98574790	160.39000000
31.86928577	0.98574790	155.96480000
31.90928577	0.98574790	160.39000000
31.94928577	0.96823030	155.96480000
31.98928577	0.98574790	155.96480000
32.02928577	0.98574790	155.96480000
32.06928577	0.98574790	155.96480000
32.10928577	0.98574790	155.96480000
32.14928577	0.96823030	155.96480000
32.18928577	0.98574790	155.96480000
32.22928577	0.96823030	155.96480000
32.26928577	0.96823030	151.52440000
32.30928577	0.96823030	155.96480000
32.34928577	0.98574790	151.52440000
32.38928577	0.98574790	151.52440000
32.42928577	0.96823030	151.52440000
32.46928577	0.98574790	151.52440000
32.50928577	0.98574790	151.52440000
32.54928577	0.98574790	151.52440000
32.58928577	0.98574790	151.52440000
32.62928577	0.98574790	151.52440000
32.66928577	0.98574790	151.52440000
32.70928577	0.98574790	147.08400000
32.74928577	0.98574790	147.08400000
32.78928576	0.98574790	151.52440000
32.82928576	0.96823030	147.08400000
32.86928576	0.96823030	151.52440000
32.90928576	0.98574790	147.08400000
32.94928576	0.98574790	151.52440000
32.98928576	0.98574790	147.08400000
33.02928576	0.98574790	147.08400000
33.06928576	0.98574790	147.08400000
33.10928576	0.98574790	147.08400000
33.14928576	0.96823030	147.08400000
33.18928576	0.96823030	147.08400000
33.22928576	0.98574790	147.08400000
33.26928576	0.96823030	147.08400000
33.30928576	0.96823030	142.64350000
33.34928576	0.98574790	147.08400000
33.38928576	0.98574790	142.64350000
33.42928576	0.96823030	147.08400000
33.46928576	0.96823030	142.64350000
33.50928576	0.98574790	147.08400000
33.54928576	0.98574790	155.96480000
33.58928576	0.98574790	151.52440000
33.62928576	0.98574790	133.77790000
33.66928576	0.98574790	129.33740000
33.70928576	0.96823030	147.08400000
33.74928576	0.98574790	129.33740000
33.78928576	0.98574790	129.33740000
33.82928576	0.96823030	147.08400000
33.86928576	0.98574790	138.21830000
33.90928576	0.98574790	138.21830000
33.94928576	0.98574790	142.64350000
33.98928576	0.98574790	142.64350000
34.02928576	0.98574790	138.21830000
34.06928576	0.98574790	142.64350000
34.10928576	0.96823030	142.64350000
34.14928576	0.98574790	138.21830000
34.18928576	0.98574790	138.21830000
34.22928576	0.98574790	138.21830000
34.26928576	0.96823030	142.64350000
34.30928576	0.96823030	138.21830000
34.34928576	0.96823030	138.21830000
34.38928576	0.98574790	138.21830000
34.42928575	0.96823030	133.77790000
34.46928575	0.96823030	138.21830000
34.50928575	0.96823030	133.77790000
34.54928575	0.96823030	138.21830000
34.58928575	0.96823030	133.77790000
34.62928575	0.96823030	138.21830000
34.66928575	0.98574790	138.21830000
34.70928575	0.96823030	133.77790000
34.74928575	0.96823030	133.77790000
34.78928575	0.98574790	133.77790000
34.82928575	0.96823030	133.77790000
34.86928575	0.96823030	133.77790000
34.90928575	0.98574790	133.77790000
34.94928575	0.98574790	129.33740000
34.98928575	0.98574790	133.77790000
35.02928575	0.98574790	133.77790000
35.06928575	0.98574790	133.77790000
35.10928575	0.96823030	133.77790000
35.14928575	0.98574790	133.77790000
35.18928575	0.98574790	129.33740000
35.22928575	0.96823030	133.77790000
35.26928575	0.98574790	133.77790000
35.30928575	0.96823030	129.33740000
35.34928575	0.98574790	133.77790000
35.38928575	0.96823030	129.33740000
35.42928575	0.96823030	129.33740000
35.46928575	0.96823030	129.33740000
35.50928575	0.96823030	129.33740000
35.54928575	0.98574790	129.33740000
35.58928575	0.96823030	129.33740000
35.62928575	0.96823030	124.89700000
35.66928575	0.98574790	129.33740000
35.70928575	0.98574790	129.33740000
35.74928575	0.98574790	120.47180000
35.78928575	0.98574790	129.33740000
35.82928575	0.98574790	129.33740000
35.86928575	0.98574790	124.89700000
35.90928575	0.98574790	124.89700000
35.94928575	0.98574790	124.89700000
35.98928575	0.98574790	124.89700000
36.02928575	0.98574790	129.33740000
36.06928574	0.98574790	124.89700000
36.10928574	0.98574790	124.89700000
36.14928574	0.98574790	124.89700000
36.18928574	0.96823030	124.89700000
36.22928574	0.98574790	120.47180000
36.26928574	0.98574790	124.89700000
36.30928574	0.98574790	124.89700000
36.34928574	0.98574790	120.47180000
36.38928574	0.98574790	120.47180000
36.42928574	0.96823030	120.47180000
36.46928574	0.96823030	116.03140000
36.50928574	0.96823030	124.89700000
36.54928574	0.98574790	120.47180000
36.58928574	0.98574790	120.47180000
36.62928574	0.98574790	120.47180000
36.66928574	0.96823030	120.47180000
36.70928574	0.98574790	120.47180000
36.74928574	0.98574790	120.47180000
36.78928574	0.98574790	120.47180000
36.82928574	0.98574790	116.03140000
36.86928574	0.96823030	120.47180000
36.90928574	0.98574790	120.47180000
36.94928574	0.98574790	120.47180000
36.98928574	0.98574790	116.03140000
37.02928574	0.96823030	116.03140000
37.06928574	0.98574790	120.47180000
37.10928574	0.98574790	120.47180000
37.14928574	0.96823030	120.47180000
37.18928574	0.96823030	116.03140000
37.22928574	0.98574790	116.03140000
37.26928574	0.98574790	116.03140000
37.30928574	0.96823030	116.03140000
37.34928574	0.96823030	116.03140000
37.38928574	0.98574790	116.03140000
37.42928574	0.96823030	116.03140000
37.46928574	0.98574790	116.03140000
37.50928574	0.96823030	111.59090000
37.54928574	0.98574790	116.03140000
37.58928574	0.98574790	111.59090000
37.62928574	0.96823030	116.03140000
37.66928574	0.98574790	111.59090000
37.70928573	0.96823030	111.59090000
37.74928573	0.96823030	111.59090000
37.78928573	0.96823030	111.59090000
37.82928573	0.96823030	111.59090000
37.86928573	0.98574790	111.59090000
37.90928573	0.98574790	111.59090000
37.94928573	0.98574790	111.59090000
37.98928573	0.98574790	111.59090000
38.02928573	0.98574790	111.59090000
38.06928573	0.98574790	116.03140000
38.10928573	0.98574790	107.15050000
38.14928573	0.98574790	111.59090000
38.18928573	0.98574790	111.59090000
38.22928573	0.98574790	111.59090000
38.26928573	0.98574790	111.59090000
38.30928573	0.98574790	107.15050000
38.34928573	0.98574790	111.59090000
38.38928573	0.98574790	102.72530000
38.42928573	0.96823030	111.59090000
38.46928573	0.98574790	107.15050000
38.50928573	0.96823030	116.03140000
38.54928573	0.98574790	93.84441000
38.58928573	0.96823030	107.15050000
38.62928573	0.96823030	111.59090000
38.66928573	0.96823030	102.72530000
38.70928573	0.96823030	111.59090000
38.74928573	0.98574790	102.72530000
38.78928573	0.98574790	102.72530000
38.82928573	0.98574790	107.15050000
38.86928573	0.98574790	107.15050000
38.90928573	0.98574790	102.72530000
38.94928573	0.98574790	107.15050000
38.98928573	0.98574790	107.15050000
39.02928573	0.96823030	102.72530000
39.06928573	0.98574790	102.72530000
39.10928573	0.98574790	102.72530000
39.14928573	0.98574790	102.72530000
39.18928573	0.98574790	102.72530000
39.22928573	0.98574790	102.72530000
39.26928573	0.98574790	102.72530000
39.30928573	0.96823030	102.72530000
39.34928572	0.96823030	102.72530000
39.38928572	0.98574790	102.72530000
39.42928572	0.96823030	102.72530000
39.46928572	0.98574790	102.72530000
39.50928572	0.96823030	102.72530000
39.54928572	0.98574790	102.72530000
39.58928572	0.98574790	102.72530000
39.62928572	0.98574790	98.28486000
39.66928572	0.98574790	102.72530000
39.70928572	0.98574790	98.28486000
39.74928572	0.96823030	102.72530000
39.78928572	0.98574790	102.72530000
39.82928572	0.98574790	102.72530000
39.86928572	0.98574790	98.28486000
39.90928572	0.96823030	98.28486000
39.94928572	0.96823030	98.28486000
39.98928572	0.98574790	98.28486000
40.02928572	0.98574790	98.28486000
40.06928572	0.98574790	98.28486000
40.10928572	0.98574790	98.28486000
40.14928572	0.96823030	93.84441000
40.18928572	0.98574790	98.28486000
40.22928572	0.98574790	98.28486000
40.26928572	0.98574790	98.28486000
40.30928572	0.98574790	98.28486000
40.34928572	0.96823030	98.28486000
40.38928572	0.98574790	98.28486000
40.42928572	0.98574790	93.84441000
40.46928572	0.98574790	98.28486000
40.50928572	0.98574790	93.84441000
40.54928572	0.98574790	93.84441000
40.58928572	0.96823030	93.84441000
40.62928572	0.98574790	98.28486000
40.66928572	0.96823030	93.84441000
40.70928572	0.96823030	93.84441000
40.74928572	0.98574790	93.84441000
40.78928572	0.98574790	93.84441000
40.82928572	0.98574790	93.84441000
40.86928572	0.96823030	93.84441000
40.90928572	0.96823030	93.84441000
40.94928572	0.98574790	93.84441000
40.98928571	0.96823030	93.84441000
41.02928571	0.96823030	89.40398000
41.06928571	0.96823030	93.84441000
41.10928571	0.98574790	93.84441000
41.14928571	0.98574790	93.84441000
41.18928571	0.98574790	89.40398000
41.22928571	0.96823030	93.84441000
41.26928571	0.98574790	89.40398000
41.30928571	0.96823030	89.40398000
41.34928571	0.98574790	89.40398000
41.38928571	0.96823030	89.40398000
41.42928571	0.96823030	89.40398000
41.46928571	0.96823030	84.96352000
41.50928571	0.98574790	89.40398000
41.54928571	0.98574790	89.40398000
41.58928571	0.98574790	89.40398000
41.62928571	0.96823030	89.40398000
41.66928571	0.98574790	89.40398000
41.70928571	0.96823030	89.40398000
41.74928571	0.98574790	84.96352000
41.78928571	0.96823030	89.40398000
41.82928571	0.98574790	84.96352000
41.86928571	0.98574790	84.96352000
41.90928571	0.96823030	84.96352000
41.94928571	0.98574790	84.96352000
41.98928571	0.96823030	89.40398000
42.02928571	0.98574790	84.96352000
42.06928571	0.96823030	84.96352000
42.10928571	0.96823030	84.96352000
42.14928571	0.96823030	84.96352000
42.18928571	0.98574790	84.96352000
42.22928571	0.98574790	84.96352000
42.26928571	0.98574790	84.96352000
42.30928571	0.98574790	84.96352000
42.34928571	0.98574790	84.96352000
42.38928571	0.98574790	80.53835000
42.42928571	0.98574790	84.96352000
42.46928571	0.98574790	84.96352000
42.50928571	0.98574790	84.96352000
42.54928571	0.96823030	84.96352000
42.58928571	0.96823030	84.96352000
42.62928570	0.98574790	84.96352000
42.66928570	0.98574790	80.53835000
42.70928570	0.96823030	84.96352000
42.74928570	0.98574790	80.53835000
42.78928570	0.96823030	80.53835000
42.82928570	0.98574790	84.96352000
42.86928570	0.98574790	80.53835000
42.90928570	0.96823030	84.96352000
42.94928570	0.98574790	80.53835000
42.98928570	0.98574790	80.53835000
43.02928570	0.98574790	84.96352000
43.06928570	0.98574790	80.53835000
43.10928570	0.98574790	80.53835000
43.14928570	0.96823030	80.53835000
43.18928570	0.96823030	80.53835000
43.22928570	0.96823030	80.53835000
43.26928570	0.98574790	80.53835000
43.30928570	0.98574790	80.53835000
43.34928570	0.98574790	80.53835000
43.38928570	0.98574790	80.53835000
43.42928570	0.98574790	80.53835000
43.46928570	0.98574790	80.53835000
43.50928570	0.98574790	80.53835000
43.54928570	0.96823030	80.53835000
43.58928570	0.98574790	76.09790000
43.62928570	0.98574790	80.53835000
43.66928570	0.98574790	76.09790000
43.70928570	0.98574790	76.09790000
43.74928570	0.98574790	80.53835000
43.78928570	0.96823030	80.53835000
43.82928570	0.98574790	76.09790000
43.86928570	0.98574790	80.53835000
43.90928570	0.96823030	76.09790000
43.94928570	0.96823030	76.09790000
43.98928570	0.98574790	76.09790000
44.02928570	0.98574790	80.53835000
44.06928570	0.98574790	76.09790000
44.10928570	0.98574790	76.09790000
44.14928570	0.98574790	76.09790000
44.18928570	0.98574790	76.09790000
44.22928570	0.96823030	76.09790000
44.26928570	0.98574790	76.09790000
44.30928569	0.98574790	76.09790000
44.34928569	0.98574790	76.09790000
44.38928569	0.98574790	76.09790000
44.42928569	0.98574790	76.09790000
44.46928569	0.98574790	76.09790000
44.50928569	0.96823030	76.09790000
44.54928569	0.98574790	76.09790000
44.58928569	0.96823030	76.09790000
44.62928569	0.98574790	71.65746000
44.66928569	0.98574790	76.09790000
44.70928569	0.98574790	71.65746000
44.74928569	0.98574790	76.09790000
44.78928569	0.98574790	76.09790000
44.82928569	0.98574790	76.09790000
44.86928569	0.96823030	71.65746000
44.90928569	0.98574790	71.65746000
44.94928569	0.98574790	71.65746000
44.98928569	0.98574790	71.65746000
45.02928569	0.98574790	71.65746000
45.06928569	0.96823030	71.65746000
45.10928569	0.98574790	71.65746000
45.14928569	0.98574790	76.09790000
45.18928569	0.96823030	71.65746000
45.22928569	0.98574790	71.65746000
45.26928569	0.98574790	76.09790000
45.30928569	0.98574790	71.65746000
45.34928569	0.98574790	71.65746000
45.38928569	0.98574790	71.65746000
45.42928569	0.98574790	71.65746000
45.46928569	0.98574790	71.65746000
45.50928569	0.98574790	71.65746000
45.54928569	0.98574790	67.21702000
45.58928569	0.98574790	71.65746000
45.62928569	0.98574790	67.21702000
45.66928569	0.98574790	67.21702000
45.70928569	0.98574790	71.65746000
45.74928569	0.98574790	67.21702000
45.78928569	0.98574790	71.65746000
45.82928569	0.98574790	71.65746000
45.86928569	0.98574790	71.65746000
45.90928569	0.98574790	67.21702000
45.94928568	0.98574790	67.21702000
45.98928568	0.98574790	71.65746000
46.02928568	0.98574790	67.21702000
46.06928568	0.98574790	67.21702000
46.10928568	0.96823030	67.21702000
46.14928568	0.98574790	67.21702000
46.18928568	0.98574790	67.21702000
46.22928568	0.98574790	62.79184000
46.26928568	0.98574790	67.21702000
46.30928568	0.98574790	67.21702000
46.34928568	0.98574790	67.21702000
46.38928568	0.98574790	67.21702000
46.42928568	0.98574790	67.21702000
46.46928568	0.98574790	67.21702000
46.50928568	0.96823030	67.21702000
46.54928568	0.98574790	67.21702000
46.58928568	0.98574790	67.21702000
46.62928568	0.98574790	67.21702000
46.66928568	0.98574790	67.21702000
46.70928568	0.98574790	67.21702000
46.74928568	0.98574790	67.21702000
46.78928568	0.98574790	67.21702000
46.82928568	0.96823030	62.79184000
46.86928568	0.98574790	67.21702000
46.90928568	0.98574790	67.21702000
46.94928568	0.98574790	67.21702000
46.98928568	0.98574790	58.35139000
47.02928568	0.96823030	67.21702000
47.06928568	0.98574790	62.79184000
47.10928568	0.98574790	67.21702000
47.14928568	0.98574790	58.35139000
47.18928568	0.98574790	62.79184000
47.22928568	0.98574790	62.79184000
47.26928568	0.98574790	62.79184000
47.30928568	0.98574790	62.79184000
47.34928568	0.98574790	62.79184000
47.38928568	0.98574790	62.79184000
47.42928568	0.98574790	62.79184000
47.46928568	0.98574790	58.35139000
47.50928568	0.98574790	62.79184000
47.54928568	0.98574790	67.21702000
47.58928567	0.98574790	58.35139000
47.62928567	0.98574790	62.79184000
47.66928567	0.98574790	62.79184000
47.70928567	0.96823030	62.79184000
47.74928567	0.96823030	62.79184000
47.78928567	0.96823030	58.35139000
47.82928567	0.98574790	58.35139000
47.86928567	0.98574790	62.79184000
47.90928567	0.98574790	58.35139000
47.94928567	0.98574790	58.35139000
47.98928567	0.98574790	58.35139000
48.02928567	0.98574790	58.35139000
48.06928567	0.98574790	58.35139000
48.10928567	0.98574790	58.35139000
48.14928567	0.96823030	62.79184000
48.18928567	0.98574790	58.35139000
48.22928567	0.98574790	58.35139000
48.26928567	0.98574790	58.35139000
48.30928567	0.98574790	62.79184000
48.34928567	0.96823030	58.35139000
48.38928567	0.96823030	58.35139000
48.42928567	0.96823030	58.35139000
48.46928567	0.98574790	58.35139000
48.50928567	0.98574790	58.35139000
48.54928567	0.98574790	58.35139000
48.58928567	0.98574790	62.79184000
48.62928567	0.98574790	58.35139000
48.66928567	0.96823030	58.35139000
48.70928567	0.98574790	58.35139000
48.74928567	0.96823030	27.29881000
48.78928567	0.96823030	31.72399000
48.82928567	0.96823030	62.79184000
48.86928567	0.96823030	53.91095000
48.90928567	0.98574790	49.47050000
48.94928567	0.96823030	58.35139000
48.98928567	0.96823030	71.65746000
49.02928567	0.98574790	49.47050000
49.06928567	0.96823030	58.35139000
49.10928567	0.96823030	62.79184000
49.14928567	0.96823030	53.91095000
49.18928567	0.98574790	53.91095000
49.22928566	0.98574790	53.91095000
49.26928566	0.96823030	58.35139000
49.30928566	0.98574790	53.91095000
49.34928566	0.98574790	58.35139000
49.38928566	0.98574790	53.91095000
49.42928566	0.98574790	53.91095000
49.46928566	0.98574790	53.91095000
49.50928566	0.98574790	53.91095000
49.54928566	0.98574790	53.91095000
49.58928566	0.98574790	53.91095000
49.62928566	0.98574790	53.91095000
49.66928566	0.98574790	53.91095000
49.70928566	0.98574790	53.91095000
49.74928566	0.96823030	53.91095000
49.78928566	0.98574790	53.91095000
49.82928566	0.98574790	53.91095000
49.86928566	0.98574790	53.91095000
49.90928566	0.98574790	53.91095000
49.94928566	0.98574790	53.91095000
49.98928566	0.96823030	53.91095000
50.02928566	0.98574790	53.91095000
50.06928566	0.96823030	53.91095000
50.10928566	0.98574790	49.47050000
50.14928566	0.98574790	58.35139000
50.18928566	0.98574790	49.47050000
50.22928566	0.96823030	49.47050000
50.26928566	0.96823030	53.91095000
50.30928566	0.96823030	49.47050000
50.34928566	0.98574790	53.91095000
50.38928566	0.98574790	49.47050000
50.42928566	0.98574790	49.47050000
50.46928566	0.98574790	49.47050000
50.50928566	0.98574790	49.47050000
50.54928566	0.98574790	49.47050000
50.58928566	0.96823030	49.47050000
50.62928566	0.98574790	49.47050000
50.66928566	0.98574790	49.47050000
50.70928566	0.96823030	49.47050000
50.74928566	0.98574790	49.47050000
50.78928566	0.98574790	49.47050000
50.82928566	0.98574790	49.47050000
50.86928565	0.96823030	49.47050000
50.90928565	0.96823030	49.47050000
50.94928565	0.98574790	49.47050000
50.98928565	0.98574790	49.47050000
51.02928565	0.96823030	49.47050000
51.06928565	0.98574790	49.47050000
51.10928565	0.98574790	49.47050000
51.14928565	0.96823030	49.47050000
51.18928565	0.96823030	49.47050000
51.22928565	0.98574790	49.47050000
51.26928565	0.96823030	45.04532000
51.30928565	0.98574790	49.47050000
51.34928565	0.96823030	49.47050000
51.38928565	0.98574790	49.47050000
51.42928565	0.98574790	49.47050000
51.46928565	0.98574790	49.47050000
51.50928565	0.98574790	49.47050000
51.54928565	0.96823030	49.47050000
51.58928565	0.96823030	49.47050000
51.62928565	0.98574790	49.47050000
51.66928565	0.98574790	45.04532000
51.70928565	0.98574790	45.04532000
51.74928565	0.98574790	49.47050000
51.78928565	0.98574790	45.04532000
51.82928565	0.98574790	45.04532000
51.86928565	0.98574790	45.04532000
51.90928565	0.98574790	49.47050000
51.94928565	0.98574790	45.04532000
51.98928565	0.98574790	45.04532000
52.02928565	0.96823030	45.04532000
52.06928565	0.98574790	45.04532000
52.10928565	0.98574790	45.04532000
52.14928565	0.96823030	45.04532000
52.18928565	0.96823030	49.47050000
52.22928565	0.96823030	45.04532000
52.26928565	0.96823030	40.60488000
52.30928565	0.96823030	45.04532000
52.34928565	0.98574790	45.04532000
52.38928565	0.98574790	45.04532000
52.42928565	0.96823030	45.04532000
52.46928565	0.98574790	45.04532000
52.50928564	0.98574790	45.04532000
52.54928564	0.98574790	45.04532000
52.58928564	0.96823030	45.04532000
52.62928564	0.98574790	45.04532000
52.66928564	0.98574790	45.04532000
52.70928564	0.98574790	45.04532000
52.74928564	0.98574790	45.04532000
52.78928564	0.96823030	45.04532000
52.82928564	0.98574790	45.04532000
52.86928564	0.96823030	45.04532000
52.90928564	0.96823030	45.04532000
52.94928564	0.98574790	45.04532000
52.98928564	0.98574790	45.04532000
53.02928564	0.98574790	45.04532000
53.06928564	0.98574790	40.60488000
53.10928564	0.98574790	45.04532000
53.14928564	0.98574790	40.60488000
53.18928564	0.98574790	40.60488000
53.22928564	0.98574790	45.04532000
53.26928564	0.96823030	45.04532000
53.30928564	0.98574790	40.60488000
53.34928564	0.98574790	45.04532000
53.38928564	0.98574790	40.60488000
53.42928564	0.98574790	40.60488000
53.46928564	0.96823030	40.60488000
53.50928564	0.96823030	40.60488000
53.54928564	0.96823030	40.60488000
53.58928564	0.98574790	40.60488000
53.62928564	0.98574790	36.16443000
53.66928564	0.98574790	36.16443000
53.70928564	0.98574790	31.72399000
53.74928564	0.96823030	40.60488000
53.78928564	0.96823030	49.47050000
53.82928564	0.98574790	36.16443000
53.86928564	0.98574790	36.16443000
53.90928564	0.98574790	36.16443000
53.94928564	0.98574790	40.60488000
53.98928564	0.98574790	36.16443000
54.02928564	0.96823030	40.60488000
54.06928564	0.98574790	40.60488000
54.10928564	0.98574790	40.60488000
54.14928563	0.98574790	40.60488000
54.18928563	0.96823030	36.16443000
54.22928563	0.98574790	40.60488000
54.26928563	0.96823030	40.60488000
54.30928563	0.98574790	40.60488000
54.34928563	0.98574790	36.16443000
54.38928563	0.98574790	40.60488000
54.42928563	0.98574790	40.60488000
54.46928563	0.98574790	40.60488000
54.50928563	0.98574790	36.16443000
54.54928563	0.98574790	40.60488000
54.58928563	0.98574790	36.16443000
54.62928563	0.98574790	36.16443000
54.66928563	0.98574790	40.60488000
54.70928563	0.98574790	36.16443000
54.74928563	0.98574790	36.16443000
54.78928563	0.98574790	36.16443000
54.82928563	0.98574790	36.16443000
54.86928563	0.96823030	36.16443000
54.90928563	0.98574790	40.60488000
54.94928563	0.98574790	36.16443000
54.98928563	0.98574790	40.60488000
55.02928563	0.98574790	40.60488000
55.06928563	0.98574790	36.16443000
55.10928563	0.98574790	36.16443000
55.14928563	0.96823030	40.60488000
55.18928563	0.98574790	40.60488000
55.22928563	0.98574790	36.16443000
55.26928563	0.98574790	36.16443000
55.30928563	0.98574790	36.16443000
55.34928563	0.98574790	40.60488000
55.38928563	0.98574790	36.16443000
55.42928563	0.96823030	36.16443000
55.46928563	0.98574790	36.16443000
55.50928563	0.98574790	36.16443000
55.54928563	0.98574790	36.16443000
55.58928563	0.98574790	36.16443000
55.62928563	0.98574790	36.16443000
55.66928563	0.98574790	36.16443000
55.70928563	0.98574790	36.16443000
55.74928563	0.96823030	36.16443000
55.78928562	0.98574790	36.16443000
55.82928562	0.98574790	36.16443000
55.86928562	0.98574790	36.16443000
55.90928562	0.98574790	36.16443000
55.94928562	0.98574790	36.16443000
55.98928562	0.98574790	36.16443000
56.02928562	0.98574790	36.16443000
56.06928562	0.98574790	36.16443000
56.10928562	0.96823030	36.16443000
56.14928562	0.98574790	36.16443000
56.18928562	0.98574790	36.16443000
56.22928562	0.98574790	36.16443000
56.26928562	0.96823030	36.16443000
56.30928562	0.98574790	36.16443000
56.34928562	0.98574790	36.16443000
56.38928562	0.96823030	36.16443000
56.42928562	0.98574790	36.16443000
56.46928562	0.98574790	31.72399000
56.50928562	0.98574790	36.16443000
56.54928562	0.98574790	31.72399000
56.58928562	0.98574790	36.16443000
56.62928562	0.98574790	31.72399000
56.66928562	0.96823030	36.16443000
56.70928562	0.96823030	36.16443000
56.74928562	0.98574790	31.72399000
56.78928562	0.98574790	36.16443000
56.82928562	0.98574790	31.72399000
56.86928562	0.98574790	31.72399000
56.90928562	0.98574790	36.16443000
56.94928562	0.98574790	36.16443000
56.98928562	0.98574790	36.16443000
57.02928562	0.98574790	36.16443000
57.06928562	0.98574790	31.72399000
57.10928562	0.98574790	36.16443000
57.14928562	0.98574790	31.72399000
57.18928562	0.98574790	36.16443000
57.22928562	0.98574790	31.72399000
57.26928562	0.98574790	31.72399000
57.30928562	0.98574790	31.72399000
57.34928562	0.98574790	31.72399000
57.38928562	0.96823030	31.72399000
57.42928562	0.96823030	31.72399000
57.46928561	0.96823030	31.72399000
57.50928561	0.98574790	31.72399000
57.54928561	0.98574790	31.72399000
57.58928561	0.98574790	31.72399000
57.62928561	0.98574790	31.72399000
57.66928561	0.98574790	31.72399000
57.70928561	0.98574790	31.72399000
57.74928561	0.98574790	31.72399000
57.78928561	0.98574790	31.72399000
57.82928561	0.96823030	31.72399000
57.86928561	0.98574790	31.72399000
57.90928561	0.98574790	31.72399000
57.94928561	0.98574790	31.72399000
57.98928561	0.98574790	31.72399000
58.02928561	0.98574790	31.72399000
58.06928561	0.98574790	31.72399000
58.10928561	0.98574790	31.72399000
58.14928561	0.98574790	31.72399000
58.18928561	0.98574790	31.72399000
58.22928561	0.98574790	31.72399000
58.26928561	0.98574790	31.72399000
58.30928561	0.98574790	31.72399000
58.34928561	0.98574790	31.72399000
58.38928561	0.98574790	31.72399000
58.42928561	0.98574790	31.72399000
58.46928561	0.98574790	31.72399000
58.50928561	0.98574790	31.72399000
58.54928561	0.98574790	31.72399000
58.58928561	0.98574790	27.29881000
58.62928561	0.98574790	31.72399000
58.66928561	0.96823030	31.72399000
58.70928561	0.98574790	31.72399000
58.74928561	0.98574790	31.72399000
58.78928561	0.98574790	27.29881000
58.82928561	0.98574790	31.72399000
58.86928561	0.98574790	27.29881000
58.90928561	0.98574790	31.72399000
58.94928561	0.98574790	27.29881000
58.98928561	0.98574790	27.29881000
59.02928561	0.98574790	31.72399000
59.06928561	0.98574790	31.72399000
59.10928560	0.98574790	31.72399000
59.14928560	0.98574790	31.72399000
59.18928560	0.98574790	31.72399000
59.22928560	0.98574790	27.29881000
59.26928560	0.98574790	27.29881000
59.30928560	0.98574790	27.29881000
59.34928560	0.98574790	31.72399000
59.38928560	0.98574790	31.72399000
59.42928560	0.98574790	31.72399000
59.46928560	0.98574790	27.29881000
59.50928560	0.98574790	27.29881000
59.54928560	0.98574790	27.29881000
59.58928560	0.98574790	27.29881000
59.62928560	0.98574790	27.29881000
59.66928560	0.96823030	31.72399000
59.70928560	0.98574790	27.29881000
59.74928560	0.98574790	27.29881000
59.78928560	0.98574790	27.29881000
59.82928560	0.98574790	27.29881000
59.86928560	0.98574790	27.29881000
59.90928560	0.98574790	27.29881000
59.94928560	0.98574790	27.29881000
59.98928560	0.96823030	27.29881000
60.02928560	0.98574790	27.29881000
60.06928560	0.98574790	27.29881000
60.10928560	0.98574790	27.29881000
60.14928560	0.98574790	27.29881000
60.18928560	0.98574790	27.29881000
60.22928560	0.98574790	27.29881000
60.26928560	0.98574790	27.29881000
60.30928560	0.98574790	27.29881000
60.34928560	0.98574790	27.29881000
60.38928560	0.98574790	27.29881000
60.42928560	0.98574790	27.29881000
60.46928560	0.98574790	27.29881000
60.50928560	0.98574790	27.29881000
60.54928560	0.98574790	27.29881000
60.58928560	0.98574790	27.29881000
60.62928560	0.98574790	27.29881000
60.66928560	0.96823030	22.87362000
60.70928560	0.98574790	27.29881000
60.74928559	0.98574790	22.87362000
60.78928559	0.98574790	27.29881000
60.82928559	0.98574790	22.87362000
60.86928559	0.98574790	27.29881000
60.90928559	0.98574790	22.87362000
60.94928559	0.98574790	27.29881000
60.98928559	0.98574790	22.87362000
61.02928559	0.98574790	27.29881000
61.06928559	0.98574790	27.29881000
61.10928559	0.98574790	22.87362000
61.14928559	0.98574790	27.29881000
61.18928559	0.98574790	22.87362000
61.22928559	0.98574790	27.29881000
61.26928559	0.98574790	22.87362000
61.30928559	0.98574790	27.29881000
61.34928559	0.98574790	22.87362000
61.38928559	0.96823030	27.29881000
61.42928559	0.98574790	22.87362000
61.46928559	0.98574790	27.29881000
61.50928559	0.98574790	27.29881000
61.54928559	0.98574790	22.87362000
61.58928559	0.96823030	22.87362000
61.62928559	0.98574790	22.87362000
61.66928559	0.96823030	27.29881000
61.70928559	0.98574790	22.87362000
61.74928559	0.98574790	22.87362000
61.78928559	0.98574790	22.87362000
61.82928559	0.98574790	22.87362000
61.86928559	0.98574790	22.87362000
61.90928559	0.98574790	27.29881000
61.94928559	0.98574790	22.87362000
61.98928559	0.98574790	22.87362000
62.02928559	0.98574790	22.87362000
62.06928559	0.98574790	22.87362000
62.10928559	0.98574790	22.87362000
62.14928559	0.98574790	22.87362000
62.18928559	0.98574790	22.87362000
62.22928559	0.98574790	22.87362000
62.26928559	0.98574790	22.87362000
62.30928559	0.98574790	22.87362000
62.34928559	0.98574790	22.87362000
62.38928558	0.98574790	22.87362000
62.42928558	0.98574790	22.87362000
62.46928558	0.98574790	22.87362000
62.50928558	0.98574790	22.87362000
62.54928558	0.98574790	22.87362000
62.58928558	0.98574790	22.87362000
62.62928558	0.98574790	22.87362000
62.66928558	0.96823030	22.87362000
62.70928558	0.96823030	22.87362000
62.74928558	0.96823030	22.87362000
62.78928558	0.98574790	18.43318000
62.82928558	0.96823030	22.87362000
62.86928558	0.98574790	22.87362000
62.90928558	0.96823030	22.87362000
62.94928558	0.98574790	22.87362000
62.98928558	0.98574790	22.87362000
63.02928558	0.96823030	22.87362000
63.06928558	0.98574790	22.87362000
63.10928558	0.98574790	22.87362000
63.14928558	0.98574790	22.87362000
63.18928558	0.98574790	22.87362000
63.22928558	0.98574790	22.87362000
63.26928558	0.98574790	22.87362000
63.30928558	0.98574790	22.87362000
63.34928558	0.98574790	22.87362000
63.38928558	0.98574790	22.87362000
63.42928558	0.98574790	22.87362000
63.46928558	0.98574790	22.87362000
63.50928558	0.98574790	22.87362000
63.54928558	0.98574790	22.87362000
63.58928558	0.98574790	18.43318000
63.62928558	0.98574790	22.87362000
63.66928558	0.96823030	22.87362000
63.70928558	0.98574790	18.43318000
63.74928558	0.98574790	22.87362000
63.78928558	0.96823030	22.87362000
63.82928558	0.96823030	18.43318000
63.86928558	0.96823030	22.87362000
63.90928558	0.96823030	18.43318000
63.94928558	0.98574790	31.72399000
63.98928558	0.95071260	71.65746000
64.02928557	1.00326600	27.29881000
64.06928557	1.00326600	31.72399000
64.10928557	0.98574790	40.60488000
64.14928557	0.98574790	13.99274000
64.18928557	0.98574790	13.99274000
64.22928557	0.98574790	27.29881000
64.26928557	0.98574790	22.87362000
64.30928557	0.98574790	9.55229400
64.34928557	0.98574790	22.87362000
64.38928557	0.98574790	22.87362000
64.42928557	0.98574790	13.99274000
64.46928557	0.98574790	22.87362000
64.50928557	0.98574790	27.29881000
64.54928557	0.96823030	13.99274000
64.58928557	0.98574790	22.87362000
64.62928557	0.98574790	22.87362000
64.66928557	0.98574790	22.87362000
64.70928557	0.98574790	18.43318000
64.74928557	0.98574790	22.87362000
64.78928557	0.98574790	18.43318000
64.82928557	0.98574790	22.87362000
64.86928557	0.96823030	18.43318000
64.90928557	0.98574790	18.43318000
64.94928557	0.98574790	18.43318000
64.98928557	0.98574790	22.87362000
65.02928557	0.98574790	18.43318000
65.06928557	0.98574790	22.87362000
65.10928557	0.98574790	18.43318000
65.14928557	0.96823030	22.87362000
65.18928557	0.98574790	18.43318000
65.22928557	0.98574790	18.43318000
65.26928557	0.98574790	18.43318000
65.30928557	0.98574790	18.43318000
65.34928557	0.98574790	18.43318000
65.38928557	0.98574790	18.43318000
65.42928557	0.98574790	18.43318000
65.46928557	0.98574790	18.43318000
65.50928557	0.96823030	18.43318000
65.54928557	0.96823030	18.43318000
65.58928557	0.96823030	18.43318000
65.62928557	0.96823030	18.43318000
65.66928556	0.98574790	18.43318000
65.70928556	0.96823030	18.43318000
65.74928556	0.98574790	18.43318000
65.78928556	0.98574790	18.43318000
65.82928556	0.98574790	18.43318000
65.86928556	0.98574790	18.43318000
65.90928556	0.96823030	18.43318000
65.94928556	0.96823030	13.99274000
65.98928556	0.98574790	18.43318000
66.02928556	0.98574790	13.99274000
66.06928556	0.96823030	18.43318000
66.10928556	0.96823030	18.43318000
66.14928556	0.98574790	13.99274000
66.18928556	0.98574790	18.43318000
66.22928556	0.98574790	18.43318000
66.26928556	0.98574790	18.43318000
66.30928556	0.98574790	18.43318000
66.34928556	0.98574790	18.43318000
66.38928556	0.98574790	13.99274000
66.42928556	0.98574790	18.43318000
66.46928556	0.98574790	13.99274000
66.50928556	0.98574790	18.43318000
66.54928556	0.98574790	18.43318000
66.58928556	0.98574790	18.43318000
66.62928556	0.98574790	18.43318000
66.66928556	0.98574790	13.99274000
66.70928556	0.98574790	18.43318000
66.74928556	0.98574790	18.43318000
66.78928556	0.98574790	18.43318000
66.82928556	0.98574790	18.43318000
66.86928556	0.98574790	18.43318000
66.90928556	0.96823030	18.43318000
66.94928556	0.98574790	18.43318000
66.98928556	0.98574790	13.99274000
67.02928556	0.98574790	18.43318000
67.06928556	0.98574790	13.99274000
67.10928556	0.96823030	18.43318000
67.14928556	0.98574790	13.99274000
67.18928556	0.98574790	13.99274000
67.22928556	0.98574790	13.99274000
67.26928556	0.96823030	13.99274000
67.30928555	0.96823030	13.99274000
67.34928555	0.98574790	18.43318000
67.38928555	0.98574790	18.43318000
67.42928555	0.98574790	13.99274000
67.46928555	0.98574790	13.99274000
67.50928555	0.98574790	13.99274000
67.54928555	0.98574790	18.43318000
67.58928555	0.98574790	13.99274000
67.62928555	0.98574790	18.43318000
67.66928555	0.98574790	18.43318000
67.70928555	0.98574790	18.43318000
67.74928555	0.98574790	18.43318000
67.78928555	0.98574790	13.99274000
67.82928555	0.98574790	18.43318000
67.86928555	0.96823030	13.99274000
67.90928555	0.96823030	13.99274000
67.94928555	0.98574790	18.43318000
67.98928555	0.96823030	18.43318000
68.02928555	0.98574790	13.99274000
68.06928555	0.98574790	13.99274000
68.10928555	0.98574790	13.99274000
68.14928555	0.98574790	18.43318000
68.18928555	0.98574790	13.99274000
68.22928555	0.96823030	13.99274000
68.26928555	0.98574790	13.99274000
68.30928555	0.96823030	13.99274000
68.34928555	0.98574790	13.99274000
68.38928555	0.98574790	18.43318000
68.42928555	0.98574790	13.99274000
68.46928555	0.98574790	18.43318000
68.50928555	0.98574790	13.99274000
68.54928555	0.98574790	13.99274000
68.58928555	0.98574790	18.43318000
68.62928555	0.98574790	13.99274000
68.66928555	0.96823030	13.99274000
68.70928555	0.98574790	13.99274000
68.74928555	0.98574790	18.43318000
68.78928555	0.98574790	13.99274000
68.82928555	0.98574790	13.99274000
68.86928555	0.98574790	13.99274000
68.90928555	0.98574790	18.43318000
68.94928555	1.00326600	5.12711000
68.98928554	0.96823030	22.87362000
69.02928554	0.96823030	22.87362000
69.06928554	0.98574790	5.12711000
69.10928554	0.98574790	13.99274000
69.14928554	0.98574790	13.99274000
69.18928554	0.98574790	13.99274000
69.22928554	0.98574790	13.99274000
69.26928554	0.98574790	18.43318000
69.30928554	0.98574790	9.55229400
69.34928554	0.98574790	13.99274000
69.38928554	0.98574790	18.43318000
69.42928554	0.98574790	13.99274000
69.46928554	0.98574790	13.99274000
69.50928554	0.98574790	13.99274000
69.54928554	0.98574790	13.99274000
69.58928554	0.98574790	13.99274000
69.62928554	0.98574790	13.99274000
69.66928554	0.98574790	13.99274000
69.70928554	0.98574790	13.99274000
69.74928554	0.98574790	13.99274000
69.78928554	0.96823030	18.43318000
69.82928554	0.98574790	13.99274000
69.86928554	0.98574790	13.99274000
69.90928554	0.98574790	13.99274000
69.94928554	0.98574790	13.99274000
69.98928554	0.98574790	13.99274000
70.02928554	0.98574790	13.99274000
70.06928554	0.96823030	13.99274000
70.10928554	0.98574790	13.99274000
70.14928554	0.98574790	9.55229400
70.18928554	0.98574790	13.99274000
70.22928554	0.98574790	13.99274000
70.26928554	0.96823030	13.99274000
70.30928554	0.98574790	13.99274000
70.34928554	0.98574790	13.99274000
70.38928554	0.98574790	13.99274000
70.42928554	0.98574790	13.99274000
70.46928554	0.98574790	13.99274000
70.50928554	0.98574790	9.55229400
70.54928554	0.98574790	13.99274000
70.58928554	0.98574790	13.99274000
70.62928553	0.98574790	13.99274000
70.66928553	0.98574790	13.99274000
70.70928553	0.98574790	13.99274000
70.74928553	0.98574790	9.55229400
70.78928553	0.98574790	13.99274000
70.82928553	0.98574790	13.99274000
70.86928553	0.98574790	13.99274000
70.90928553	0.96823030	13.99274000
70.94928553	0.98574790	9.55229400
70.98928553	0.96823030	13.99274000
71.02928553	0.96823030	13.99274000
71.06928553	0.98574790	13.99274000
71.10928553	0.96823030	13.99274000
71.14928553	0.98574790	18.43318000
71.18928553	0.98574790	13.99274000
71.22928553	0.98574790	13.99274000
71.26928553	0.98574790	9.55229400
71.30928553	0.98574790	13.99274000
71.34928553	0.98574790	9.55229400
71.38928553	0.98574790	13.99274000
71.42928553	0.98574790	9.55229400
71.46928553	0.98574790	13.99274000
71.50928553	0.98574790	13.99274000
71.54928553	0.98574790	13.99274000
71.58928553	0.98574790	13.99274000
71.62928553	0.96823030	9.55229400
71.66928553	0.98574790	13.99274000
71.70928553	0.98574790	13.99274000
71.74928553	0.96823030	18.43318000
71.78928553	0.98574790	13.99274000
71.82928553	0.98574790	13.99274000
71.86928553	0.98574790	13.99274000
71.90928553	0.96823030	13.99274000
71.94928553	0.98574790	13.99274000
71.98928553	0.96823030	13.99274000
72.02928553	0.98574790	13.99274000
72.06928553	0.98574790	13.99274000
72.10928553	0.98574790	13.99274000
72.14928553	0.98574790	9.55229400
72.18928553	0.98574790	13.99274000
72.22928553	0.98574790	13.99274000
72.26928552	0.96823030	9.55229400
72.30928552	0.96823030	13.99274000
72.34928552	0.98574790	9.55229400
72.38928552	0.98574790	9.55229400
72.42928552	0.96823030	13.99274000
72.46928552	0.98574790	9.55229400
72.50928552	0.96823030	13.99274000
72.54928552	0.98574790	9.55229400
72.58928552	0.98574790	13.99274000
72.62928552	0.98574790	13.99274000
72.66928552	0.98574790	9.55229400
72.70928552	0.98574790	9.55229400
72.74928552	0.98574790	9.55229400
72.78928552	0.98574790	13.99274000
72.82928552	0.98574790	9.55229400
72.86928552	0.98574790	9.55229400
72.90928552	0.98574790	13.99274000
72.94928552	0.98574790	13.99274000
72.98928552	0.98574790	9.55229400
73.02928552	0.98574790	9.55229400
73.06928552	0.98574790	9.55229400
73.10928552	0.98574790	13.99274000
73.14928552	0.98574790	9.55229400
73.18928552	0.98574790	9.55229400
73.22928552	0.98574790	13.99274000
73.26928552	0.98574790	13.99274000
73.30928552	0.98574790	9.55229400
73.34928552	0.98574790	13.99274000
73.38928552	0.98574790	9.55229400
73.42928552	0.98574790	13.99274000
73.46928552	0.98574790	9.55229400
73.50928552	0.98574790	9.55229400
73.54928552	0.98574790	9.55229400
73.58928552	0.98574790	9.55229400
73.62928552	0.98574790	13.99274000
73.66928552	0.98574790	9.55229400
73.70928552	0.98574790	9.55229400
73.74928552	0.98574790	9.55229400
73.78928552	0.98574790	9.55229400
73.82928552	0.98574790	9.55229400
73.86928552	0.98574790	9.55229400
73.90928551	0.98574790	9.55229400
73.94928551	0.98574790	9.55229400
73.98928551	0.98574790	9.55229400
74.02928551	0.98574790	9.55229400
74.06928551	0.98574790	9.55229400
74.10928551	0.98574790	9.55229400
74.14928551	0.98574790	9.55229400
74.18928551	0.98574790	9.55229400
74.22928551	0.96823030	13.99274000
74.26928551	0.98574790	9.55229400
74.30928551	0.98574790	13.99274000
74.34928551	0.98574790	9.55229400
74.38928551	0.98574790	9.55229400
74.42928551	0.98574790	9.55229400
74.46928551	0.98574790	13.99274000
74.50928551	0.98574790	9.55229400
74.54928551	0.98574790	9.55229400
74.58928551	0.98574790	9.55229400
74.62928551	0.98574790	9.55229400
74.66928551	0.98574790	9.55229400
74.70928551	0.98574790	9.55229400
74.74928551	0.98574790	9.55229400
74.78928551	0.98574790	9.55229400
74.82928551	0.98574790	9.55229400
74.86928551	0.98574790	9.55229400
74.90928551	0.96823030	13.99274000
74.94928551	0.98574790	9.55229400
74.98928551	0.98574790	9.55229400
75.02928551	0.98574790	9.55229400
75.06928551	0.98574790	9.55229400
75.10928551	0.96823030	9.55229400
75.14928551	0.98574790	9.55229400
75.18928551	0.98574790	9.55229400
75.22928551	0.98574790	9.55229400
75.26928551	0.98574790	9.55229400
75.30928551	0.98574790	9.55229400
75.34928551	0.98574790	9.55229400
75.38928551	0.96823030	9.55229400
75.42928551	0.98574790	5.12711000
75.46928551	0.98574790	9.55229400
75.50928551	0.96823030	9.55229400
75.54928550	0.98574790	9.55229400
75.58928550	0.98574790	9.55229400
75.62928550	0.98574790	5.12711000
75.66928550	0.98574790	9.55229400
75.70928550	0.98574790	9.55229400
75.74928550	0.98574790	9.55229400
75.78928550	0.98574790	9.55229400
75.82928550	0.98574790	9.55229400
75.86928550	0.98574790	9.55229400
75.90928550	0.98574790	5.12711000
75.94928550	0.98574790	9.55229400
75.98928550	0.98574790	9.55229400
76.02928550	0.98574790	9.55229400
76.06928550	0.98574790	9.55229400
76.10928550	0.98574790	9.55229400
76.14928550	0.96823030	9.55229400
76.18928550	0.96823030	9.55229400
76.22928550	0.98574790	9.55229400
76.26928550	0.98574790	9.55229400
76.30928550	0.98574790	9.55229400
76.34928550	0.98574790	5.12711000
76.38928550	0.98574790	9.55229400
76.42928550	0.98574790	9.55229400
76.46928550	0.98574790	9.55229400
76.50928550	0.98574790	13.99274000
76.54928550	0.98574790	5.12711000
76.58928550	0.98574790	9.55229400
76.62928550	0.98574790	9.55229400
76.66928550	0.98574790	5.12711000
76.70928550	0.96823030	9.55229400
76.74928550	0.98574790	9.55229400
76.78928550	0.98574790	9.55229400
76.82928550	0.96823030	9.55229400
76.86928550	0.98574790	5.12711000
76.90928550	0.98574790	9.55229400
76.94928550	0.98574790	9.55229400
76.98928550	0.98574790	9.55229400
77.02928550	0.98574790	9.55229400
77.06928550	0.98574790	9.55229400
77.10928550	0.98574790	5.12711000
77.14928550	0.98574790	9.55229400
77.18928549	0.98574790	5.12711000
77.22928549	0.98574790	9.55229400
77.26928549	0.98574790	5.12711000
77.30928549	0.98574790	9.55229400
77.34928549	0.98574790	9.55229400
77.38928549	0.98574790	5.12711000
77.42928549	0.96823030	9.55229400
77.46928549	0.98574790	9.55229400
77.50928549	0.98574790	5.12711000
77.54928549	0.98574790	9.55229400
77.58928549	0.98574790	5.12711000
77.62928549	0.98574790	9.55229400
77.66928549	0.98574790	5.12711000
77.70928549	0.98574790	9.55229400
77.74928549	0.98574790	9.55229400
77.78928549	0.98574790	9.55229400
77.82928549	0.98574790	9.55229400
77.86928549	0.98574790	5.12711000
77.90928549	0.98574790	5.12711000
77.94928549	0.98574790	9.55229400
77.98928549	0.96823030	5.12711000
78.02928549	0.98574790	5.12711000
78.06928549	0.98574790	9.55229400
78.10928549	0.98574790	5.12711000
78.14928549	0.98574790	5.12711000
78.18928549	0.98574790	5.12711000
78.22928549	0.98574790	5.12711000
78.26928549	0.98574790	9.55229400
78.30928549	0.98574790	5.12711000
78.34928549	0.98574790	9.55229400
78.38928549	0.98574790	5.12711000
78.42928549	0.98574790	9.55229400
78.46928549	0.98574790	9.55229400
78.50928549	0.98574790	9.55229400
78.54928549	0.96823030	5.12711000
78.58928549	0.98574790	5.12711000
78.62928549	0.96823030	5.12711000
78.66928549	0.98574790	5.12711000
78.70928549	0.98574790	9.55229400
78.74928549	0.96823030	5.12711000
78.78928549	0.98574790	9.55229400
78.82928548	0.98574790	5.12711000
78.86928548	0.98574790	9.55229400
78.90928548	0.98574790	5.12711000
78.94928548	0.98574790	5.12711000
78.98928548	0.98574790	5.12711000
79.02928548	0.98574790	5.12711000
79.06928548	0.98574790	5.12711000
79.10928548	0.98574790	5.12711000
79.14928548	0.98574790	9.55229400
79.18928548	1.00326600	-25.94073000
79.22928548	0.96823030	-17.05985000
79.26928548	0.96823030	5.12711000
79.30928548	0.98574790	-25.94073000
79.34928548	0.96823030	5.12711000
79.38928548	0.96823030	9.55229400
79.42928548	0.98574790	-8.19422000
79.46928548	0.98574790	5.12711000
79.50928548	0.96823030	13.99274000
79.54928548	0.98574790	9.55229400
79.58928548	0.98574790	5.12711000
79.62928548	0.98574790	9.55229400
79.66928548	0.96823030	5.12711000
79.70928548	0.98574790	9.55229400
79.74928548	0.98574790	9.55229400
79.78928548	0.98574790	5.12711000
79.82928548	0.98574790	9.55229400
79.86928548	0.98574790	9.55229400
79.90928548	0.96823030	5.12711000
79.94928548	0.98574790	5.12711000
79.98928548	0.98574790	9.55229400
80.02928548	0.98574790	5.12711000
80.06928548	0.98574790	5.12711000
80.10928548	0.98574790	5.12711000
80.14928548	0.98574790	5.12711000
80.18928548	0.96823030	5.12711000
80.22928548	0.98574790	9.55229400
80.26928548	0.98574790	5.12711000
80.30928548	0.98574790	5.12711000
80.34928548	0.98574790	5.12711000
80.38928548	0.98574790	9.55229400
80.42928548	0.98574790	5.12711000
80.46928548	0.98574790	9.55229400
80.50928547	0.98574790	5.12711000
80.54928547	0.96823030	5.12711000
80.58928547	0.98574790	9.55229400
80.62928547	0.98574790	9.55229400
80.66928547	0.96823030	5.12711000
80.70928547	0.98574790	5.12711000
80.74928547	0.98574790	5.12711000
80.78928547	0.98574790	9.55229400
80.82928547	0.98574790	5.12711000
80.86928547	0.98574790	9.55229400
80.90928547	0.96823030	5.12711000
80.94928547	0.98574790	5.12711000
80.98928547	0.98574790	5.12711000
81.02928547	0.98574790	5.12711000
81.06928547	0.98574790	5.12711000
81.10928547	0.98574790	9.55229400
81.14928547	0.98574790	5.12711000
81.18928547	0.98574790	5.12711000
81.22928547	0.98574790	9.55229400
81.26928547	0.98574790	5.12711000
81.30928547	0.98574790	9.55229400
81.34928547	0.96823030	9.55229400
81.38928547	0.98574790	5.12711000
81.42928547	0.98574790	9.55229400
81.46928547	0.98574790	5.12711000
81.50928547	0.98574790	9.55229400
81.54928547	0.98574790	5.12711000
81.58928547	0.98574790	9.55229400
81.62928547	0.98574790	5.12711000
81.66928547	0.96823030	9.55229400
81.70928547	0.96823030	5.12711000
81.74928547	0.98574790	5.12711000
81.78928547	0.98574790	5.12711000
81.82928547	0.98574790	5.12711000
81.86928547	0.98574790	5.12711000
81.90928547	0.98574790	5.12711000
81.94928547	0.96823030	5.12711000
81.98928547	0.98574790	5.12711000
82.02928547	0.98574790	5.12711000
82.06928547	0.98574790	5.12711000
82.10928547	0.98574790	5.12711000
82.14928546	0.98574790	5.12711000
82.18928546	0.98574790	5.12711000
82.22928546	0.98574790	5.12711000
82.26928546	0.98574790	5.12711000
82.30928546	0.98574790	5.12711000
82.34928546	0.98574790	9.55229400
82.38928546	0.98574790	5.12711000
82.42928546	0.98574790	5.12711000
82.46928546	0.98574790	5.12711000
82.50928546	0.96823030	5.12711000
82.54928546	0.98574790	5.12711000
82.58928546	0.96823030	5.12711000
82.62928546	0.98574790	5.12711000
82.66928546	0.96823030	5.12711000
82.70928546	0.98574790	5.12711000
82.74928546	0.98574790	5.12711000
82.78928546	0.98574790	5.12711000
82.82928546	0.98574790	5.12711000
82.86928546	0.98574790	5.12711000
82.90928546	0.98574790	5.12711000
82.94928546	0.98574790	5.12711000
82.98928546	0.98574790	5.12711000
83.02928546	0.98574790	5.12711000
83.06928546	0.96823030	5.12711000
83.10928546	0.98574790	5.12711000
83.14928546	0.98574790	5.12711000
83.18928546	0.98574790	5.12711000
83.22928546	0.96823030	5.12711000
83.26928546	0.98574790	5.12711000
83.30928546	0.98574790	5.12711000
83.34928546	0.96823030	5.12711000
83.38928546	0.98574790	5.12711000
83.42928546	0.98574790	5.12711000
83.46928546	0.98574790	5.12711000
83.50928546	0.98574790	5.12711000
83.54928546	0.98574790	5.12711000
83.58928546	0.96823030	5.12711000
83.62928546	0.98574790	5.12711000
83.66928546	0.98574790	5.12711000
83.70928546	0.98574790	5.12711000
83.74928546	0.98574790	5.12711000
83.78928545	0.98574790	5.12711000
83.82928545	0.98574790	5.12711000
83.86928545	0.96823030	9.55229400
83.90928545	0.96823030	0.68666640
83.94928545	0.98574790	5.12711000
83.98928545	0.98574790	5.12711000
84.02928545	0.98574790	5.12711000
84.06928545	0.98574790	0.68666640
84.10928545	0.96823030	5.12711000
84.14928545	0.98574790	5.12711000
84.18928545	0.98574790	13.99274000
84.22928545	0.98574790	-8.19422000
84.26928545	0.98574790	9.55229400
84.30928545	0.96823030	13.99274000
84.34928545	0.98574790	0.68666640
84.38928545	0.98574790	9.55229400
84.42928545	0.98574790	5.12711000
84.46928545	0.98574790	0.68666640
84.50928545	0.98574790	5.12711000
84.54928545	0.96823030	5.12711000
84.58928545	0.98574790	5.12711000
84.62928545	0.98574790	5.12711000
84.66928545	0.98574790	5.12711000
84.70928545	0.98574790	5.12711000
84.74928545	0.96823030	5.12711000
84.78928545	0.98574790	5.12711000
84.82928545	0.98574790	5.12711000
84.86928545	0.98574790	5.12711000
84.90928545	0.98574790	5.12711000
84.94928545	0.98574790	5.12711000
84.98928545	0.98574790	5.12711000
85.02928545	0.98574790	5.12711000
85.06928545	0.98574790	5.12711000
85.10928545	0.98574790	5.12711000
85.14928545	0.98574790	5.12711000
85.18928545	0.98574790	5.12711000
85.22928545	0.98574790	5.12711000
85.26928545	0.98574790	5.12711000
85.30928545	0.98574790	5.12711000
85.34928545	0.98574790	5.12711000
85.38928545	0.98574790	5.12711000
85.42928544	0.98574790	9.55229400
85.46928544	0.98574790	5.12711000
85.50928544	0.98574790	5.12711000
85.54928544	0.98574790	5.12711000
85.58928544	0.98574790	5.12711000
85.62928544	0.98574790	5.12711000
85.66928544	0.98574790	5.12711000
85.70928544	0.98574790	5.12711000
85.74928544	0.98574790	5.12711000
85.78928544	0.98574790	5.12711000
85.82928544	0.96823030	5.12711000
85.86928544	0.98574790	5.12711000
85.90928544	0.96823030	5.12711000
85.94928544	0.98574790	0.68666640
85.98928544	0.96823030	5.12711000
86.02928544	0.98574790	5.12711000
86.06928544	0.98574790	5.12711000
86.10928544	0.98574790	5.12711000
86.14928544	0.98574790	0.68666640
86.18928544	0.98574790	5.12711000
86.22928544	0.98574790	5.12711000
86.26928544	0.98574790	5.12711000
86.30928544	0.98574790	5.12711000
86.34928544	0.98574790	5.12711000
86.38928544	0.98574790	5.12711000
86.42928544	0.98574790	5.12711000
86.46928544	0.98574790	5.12711000
86.50928544	0.98574790	5.12711000
86.54928544	0.98574790	5.12711000
86.58928544	0.98574790	5.12711000
86.62928544	0.98574790	5.12711000
86.66928544	0.98574790	5.12711000
86.70928544	0.98574790	5.12711000
86.74928544	0.98574790	5.12711000
86.78928544	0.98574790	5.12711000
86.82928544	0.98574790	5.12711000
86.86928544	0.98574790	5.12711000
86.90928544	0.98574790	5.12711000
86.94928544	0.98574790	5.12711000
86.98928544	0.98574790	0.68666640
87.02928544	0.96823030	5.12711000
87.06928543	0.98574790	0.68666640
87.10928543	0.98574790	5.12711000
87.14928543	0.98574790	5.12711000
87.18928543	0.98574790	5.12711000
87.22928543	0.98574790	5.12711000
87.26928543	0.98574790	5.12711000
87.30928543	0.98574790	5.12711000
87.34928543	0.98574790	5.12711000
87.38928543	0.98574790	5.12711000
87.42928543	0.98574790	5.12711000
87.46928543	0.98574790	5.12711000
87.50928543	0.98574790	5.12711000
87.54928543	0.98574790	5.12711000
87.58928543	0.98574790	5.12711000
87.62928543	0.98574790	5.12711000
87.66928543	0.98574790	5.12711000
87.70928543	0.98574790	5.12711000
87.74928543	0.98574790	5.12711000
87.78928543	0.98574790	5.12711000
87.82928543	0.98574790	5.12711000
87.86928543	0.98574790	5.12711000
87.90928543	0.98574790	5.12711000
87.94928543	0.98574790	5.12711000
87.98928543	0.96823030	5.12711000
88.02928543	0.98574790	0.68666640
88.06928543	0.98574790	5.12711000
88.10928543	0.98574790	0.68666640
88.14928543	0.96823030	5.12711000
88.18928543	0.98574790	5.12711000
88.22928543	0.98574790	5.12711000
88.26928543	0.98574790	5.12711000
88.30928543	0.98574790	5.12711000
88.34928543	0.98574790	5.12711000
88.38928543	0.98574790	5.12711000
88.42928543	0.98574790	5.12711000
88.46928543	0.98574790	5.12711000
88.50928543	0.98574790	5.12711000
88.54928543	0.98574790	5.12711000
88.58928543	0.98574790	5.12711000
88.62928543	0.98574790	5.12711000
88.66928543	0.98574790	5.12711000
88.70928542	0.98574790	5.12711000
88.74928542	0.98574790	5.12711000
88.78928542	0.96823030	5.12711000
88.82928542	0.98574790	5.12711000
88.86928542	0.98574790	5.12711000
88.90928542	0.98574790	5.12711000
88.94928542	0.98574790	5.12711000
88.98928542	0.96823030	5.12711000
89.02928542	0.98574790	5.12711000
89.06928542	0.96823030	5.12711000
89.10928542	0.96823030	0.68666640
89.14928542	0.98574790	5.12711000
89.18928542	0.98574790	5.12711000
89.22928542	0.98574790	0.68666640
89.26928542	0.98574790	5.12711000
89.30928542	0.98574790	5.12711000
89.34928542	0.98574790	5.12711000
89.38928542	0.98574790	0.68666640
89.42928542	0.98574790	5.12711000
89.46928542	0.96823030	5.12711000
89.50928542	0.98574790	5.12711000
89.54928542	0.98574790	5.12711000
89.58928542	0.98574790	5.12711000
89.62928542	0.98574790	5.12711000
89.66928542	0.98574790	5.12711000
89.70928542	0.98574790	5.12711000
89.74928542	0.98574790	0.68666640
89.78928542	0.98574790	5.12711000
89.82928542	0.98574790	5.12711000
89.86928542	0.98574790	5.12711000
89.90928542	0.98574790	5.12711000
89.94928542	0.98574790	0.68666640
89.98928542	0.98574790	5.12711000
90.02928542	0.98574790	5.12711000
90.06928542	0.98574790	5.12711000
90.10928542	0.98574790	5.12711000
90.14928542	0.96823030	0.68666640
90.18928542	0.98574790	5.12711000
90.22928542	0.98574790	0.68666640
90.26928542	0.98574790	0.68666640
90.30928542	0.98574790	5.12711000
90.34928541	0.98574790	0.68666640
90.38928541	0.96823030	0.68666640
90.42928541	0.98574790	5.12711000
90.46928541	0.98574790	5.12711000
90.50928541	0.98574790	5.12711000
90.54928541	0.98574790	5.12711000
90.58928541	0.96823030	5.12711000
90.62928541	0.98574790	0.68666640
90.66928541	0.98574790	5.12711000
90.70928541	0.98574790	5.12711000
90.74928541	0.98574790	5.12711000
90.78928541	0.98574790	0.68666640
90.82928541	0.98574790	5.12711000
90.86928541	0.98574790	0.68666640
90.90928541	0.96823030	5.12711000
90.94928541	0.98574790	5.12711000
90.98928541	0.98574790	0.68666640
91.02928541	0.96823030	5.12711000
91.06928541	0.98574790	0.68666640
91.10928541	0.98574790	5.12711000
91.14928541	0.98574790	5.12711000
91.18928541	0.98574790	0.68666640
91.22928541	0.98574790	5.12711000
91.26928541	0.98574790	0.68666640
91.30928541	0.96823030	0.68666640
91.34928541	0.98574790	5.12711000
91.38928541	0.98574790	0.68666640
91.42928541	0.98574790	5.12711000
91.46928541	0.98574790	0.68666640
91.50928541	0.98574790	5.12711000
91.54928541	0.98574790	0.68666640
91.58928541	0.98574790	0.68666640
91.62928541	0.98574790	5.12711000
91.66928541	0.98574790	5.12711000
91.70928541	0.98574790	0.68666640
91.74928541	0.98574790	5.12711000
91.78928541	0.98574790	0.68666640
91.82928541	0.98574790	5.12711000
91.86928541	0.98574790	0.68666640
91.90928541	0.98574790	5.12711000
91.94928541	0.98574790	5.12711000
91.98928540	0.98574790	5.12711000
92.02928540	0.98574790	5.12711000
92.06928540	0.98574790	5.12711000
92.10928540	0.98574790	5.12711000
92.14928540	0.98574790	5.12711000
92.18928540	0.98574790	5.12711000
92.22928540	0.98574790	5.12711000
92.26928540	0.96823030	5.12711000
92.30928540	0.98574790	0.68666640
92.34928540	0.98574790	5.12711000
92.38928540	0.98574790	0.68666640
92.42928540	0.98574790	5.12711000
92.46928540	0.96823030	0.68666640
92.50928540	0.98574790	0.68666640
92.54928540	0.98574790	0.68666640
92.58928540	0.98574790	5.12711000
92.62928540	0.98574790	5.12711000
92.66928540	0.98574790	5.12711000
92.70928540	0.98574790	5.12711000
92.74928540	0.98574790	0.68666640
92.78928540	0.98574790	5.12711000
92.82928540	0.98574790	5.12711000
92.86928540	0.98574790	5.12711000
92.90928540	0.98574790	0.68666640
92.94928540	0.96823030	5.12711000
92.98928540	0.98574790	5.12711000
93.02928540	0.98574790	5.12711000
93.06928540	0.98574790	0.68666640
93.10928540	0.98574790	5.12711000
93.14928540	0.98574790	0.68666640
93.18928540	0.98574790	5.12711000
93.22928540	0.98574790	5.12711000
93.26928540	0.96823030	5.12711000
93.30928540	0.98574790	0.68666640
93.34928540	0.98574790	0.68666640
93.38928540	0.96823030	5.12711000
93.42928540	0.98574790	0.68666640
93.46928540	0.98574790	0.68666640
93.50928540	0.98574790	0.68666640
93.54928540	0.96823030	5.12711000
93.58928540	0.98574790	0.68666640
93.62928540	0.96823030	0.68666640
93.66928539	0.98574790	0.68666640
93.70928539	0.98574790	5.12711000
93.74928539	0.98574790	0.68666640
93.78928539	0.98574790	5.12711000
93.82928539	0.98574790	5.12711000
93.86928539	0.98574790	5.12711000
93.90928539	0.98574790	5.12711000
93.94928539	0.98574790	0.68666640
93.98928539	0.98574790	5.12711000
94.02928539	0.98574790	0.68666640
94.06928539	0.98574790	5.12711000
94.10928539	0.98574790	5.12711000
94.14928539	0.96823030	5.12711000
94.18928539	0.98574790	0.68666640
94.22928539	0.98574790	5.12711000
94.26928539	0.96823030	5.12711000
94.30928539	0.98574790	5.12711000
94.34928539	0.98574790	0.68666640
94.38928539	0.96823030	-3.75377700
94.42928539	0.98574790	9.55229400
94.46928539	0.96823030	0.68666640
94.50928539	0.96823030	18.43318000
94.54928539	0.98574790	13.99274000
94.58928539	0.98574790	-3.75377700
94.62928539	0.96823030	27.29881000
94.66928539	0.98574790	0.68666640
94.70928539	0.98574790	0.68666640
94.74928539	0.98574790	5.12711000
94.78928539	0.98574790	5.12711000
94.82928539	0.98574790	0.68666640
94.86928539	0.98574790	0.68666640
94.90928539	0.98574790	5.12711000
94.94928539	0.98574790	-3.75377700
94.98928539	0.98574790	5.12711000
95.02928539	0.98574790	0.68666640
95.06928539	0.98574790	0.68666640
95.10928539	0.98574790	0.68666640
95.14928539	0.98574790	0.68666640
95.18928539	0.98574790	5.12711000
95.22928539	0.98574790	5.12711000
95.26928539	0.98574790	0.68666640
95.30928538	0.98574790	5.12711000
95.34928538	0.96823030	5.12711000
95.38928538	0.98574790	0.68666640
95.42928538	0.98574790	0.68666640
95.46928538	0.98574790	0.68666640
95.50928538	0.96823030	5.12711000
95.54928538	0.98574790	5.12711000
95.58928538	0.98574790	5.12711000
95.62928538	0.98574790	0.68666640
95.66928538	0.98574790	5.12711000
95.70928538	0.98574790	0.68666640
95.74928538	0.98574790	0.68666640
95.78928538	0.98574790	0.68666640
95.82928538	0.98574790	5.12711000
95.86928538	0.98574790	5.12711000
95.90928538	0.98574790	0.68666640
95.94928538	0.98574790	5.12711000
95.98928538	0.98574790	0.68666640
96.02928538	0.98574790	5.12711000
96.06928538	0.98574790	0.68666640
96.10928538	0.98574790	5.12711000
96.14928538	0.96823030	0.68666640
96.18928538	0.98574790	5.12711000
96.22928538	0.96823030	0.68666640
96.26928538	0.98574790	0.68666640
96.30928538	0.96823030	5.12711000
96.34928538	0.98574790	0.68666640
96.38928538	0.98574790	5.12711000
96.42928538	0.96823030	0.68666640
96.46928538	0.98574790	0.68666640
96.50928538	0.98574790	5.12711000
96.54928538	0.98574790	0.68666640
96.58928538	0.98574790	0.68666640
96.62928538	0.98574790	5.12711000
96.66928538	0.98574790	0.68666640
96.70928538	0.98574790	5.12711000
96.74928538	0.98574790	0.68666640
96.78928538	0.98574790	0.68666640
96.82928538	0.98574790	0.68666640
96.86928538	0.98574790	0.68666640
96.90928538	0.98574790	5.12711000
96.94928537	0.98574790	0.68666640
96.98928537	0.98574790	0.68666640
97.02928537	0.98574790	5.12711000
97.06928537	0.98574790	5.12711000
97.10928537	0.98574790	0.68666640
97.14928537	0.98574790	5.12711000
97.18928537	0.98574790	0.68666640
97.22928537	0.98574790	5.12711000
97.26928537	0.98574790	0.68666640
97.30928537	0.98574790	5.12711000
97.34928537	0.98574790	0.68666640
97.38928537	0.98574790	0.68666640
97.42928537	0.98574790	5.12711000
97.46928537	0.96823030	0.68666640
97.50928537	0.96823030	0.68666640
97.54928537	0.98574790	5.12711000
97.58928537	0.98574790	0.68666640
97.62928537	0.98574790	5.12711000
97.66928537	0.98574790	0.68666640
97.70928537	0.98574790	0.68666640
97.74928537	0.98574790	0.68666640
97.78928537	0.98574790	0.68666640
97.82928537	0.98574790	0.68666640
97.86928537	0.98574790	0.68666640
97.90928537	0.98574790	5.12711000
97.94928537	0.98574790	5.12711000
97.98928537	0.98574790	5.12711000
98.02928537	0.98574790	0.68666640
98.06928537	0.98574790	5.12711000
98.10928537	0.98574790	0.68666640
98.14928537	0.96823030	5.12711000
98.18928537	0.98574790	5.12711000
98.22928537	0.98574790	0.68666640
98.26928537	0.98574790	5.12711000
98.30928537	0.98574790	0.68666640
