t	vin	vout
-8.41800465	0.00427259	-3.75377700
-8.37800465	-0.01324503	-3.75377700
-8.33800465	-0.01324503	0.68666640
-8.29800465	-0.01324503	-3.75377700
-8.25800466	0.00427259	-3.75377700
-8.21800466	-0.01324503	0.68666640
-8.17800466	-0.01324503	-3.75377700
-8.13800466	-0.01324503	0.68666640
-8.09800466	0.00427259	-3.75377700
-8.05800466	-0.01324503	0.68666640
-8.01800466	-0.01324503	-3.75377700
-7.97800466	-0.01324503	-3.75377700
-7.93800466	-0.01324503	-3.75377700
-7.89800466	-0.01324503	0.68666640
-7.85800466	0.00427259	-3.75377700
-7.81800466	-0.01324503	-3.75377700
-7.77800466	-0.01324503	-3.75377700
-7.73800466	-0.01324503	0.68666640
-7.69800466	-0.01324503	0.68666640
-7.65800466	-0.01324503	-3.75377700
-7.61800466	-0.01324503	-3.75377700
-7.57800466	-0.01324503	0.68666640
-7.53800466	0.00427259	0.68666640
-7.49800466	-0.01324503	0.68666640
-7.45800466	-0.01324503	-3.75377700
-7.41800466	-0.01324503	-3.75377700
-7.37800466	-0.01324503	0.68666640
-7.33800466	-0.01324503	-3.75377700
-7.29800466	-0.01324503	-3.75377700
-7.25800466	0.00427259	-3.75377700
-7.21800466	0.00427259	-3.75377700
-7.17800466	-0.01324503	-3.75377700
-7.13800466	-0.01324503	-3.75377700
-7.09800466	-0.01324503	-3.75377700
-7.05800466	-0.01324503	-3.75377700
-7.01800466	-0.01324503	0.68666640
-6.97800466	-0.01324503	-3.75377700
-6.93800466	-0.01324503	-3.75377700
-6.89800466	-0.01324503	-3.75377700
-6.85800466	-0.01324503	-3.75377700
-6.81800466	-0.01324503	-3.75377700
-6.77800466	0.00427259	-3.75377700
-6.73800466	-0.01324503	0.68666640
-6.69800466	-0.01324503	0.68666640
-6.65800466	-0.01324503	0.68666640
-6.61800467	-0.01324503	0.68666640
-6.57800467	0.00427259	-3.75377700
-6.53800467	-0.01324503	0.68666640
-6.49800467	-0.01324503	-3.75377700
-6.45800467	-0.01324503	-3.75377700
-6.41800467	-0.01324503	-3.75377700
-6.37800467	-0.01324503	0.68666640
-6.33800467	-0.01324503	-3.75377700
-6.29800467	-0.01324503	-3.75377700
-6.25800467	0.00427259	-3.75377700
-6.21800467	-0.01324503	-3.75377700
-6.17800467	-0.01324503	0.68666640
-6.13800467	-0.01324503	0.68666640
-6.09800467	-0.01324503	-3.75377700
-6.05800467	-0.01324503	0.68666640
-6.01800467	-0.01324503	0.68666640
-5.97800467	-0.01324503	-3.75377700
-5.93800467	-0.01324503	0.68666640
-5.89800467	-0.01324503	-3.75377700
-5.85800467	-0.01324503	0.68666640
-5.81800467	-0.03076266	0.68666640
-5.77800467	-0.04828028	0.68666640
-5.73800467	-0.10089420	0.68666640
-5.69800467	-0.13592950	-3.75377700
-5.65800467	-0.17096470	0.68666640
-5.61800467	-0.24109620	0.68666640
-5.57800467	-0.29364910	0.68666640
-5.53800467	-0.32874540	-3.75377700
-5.49800467	-0.36378060	-3.75377700
-5.45800467	-0.41639450	-3.75377700
-5.41800467	-0.45142980	0.68666640
-5.37800467	-0.50398270	-3.75377700
-5.33800467	-0.53907900	0.68666640
-5.29800467	-0.57411420	-3.75377700
-5.25800467	-0.62666710	-3.75377700
-5.21800467	-0.66176340	-3.75377700
-5.17800467	-0.67928100	-3.75377700
-5.13800467	-0.71431630	-3.75377700
-5.09800467	-0.73183390	-3.75377700
-5.05800467	-0.76693020	-3.75377700
-5.01800467	-0.78444780	-3.75377700
-4.97800468	-0.80196550	0.68666640
-4.93800468	-0.81948300	-3.75377700
-4.89800468	-0.83700070	-3.75377700
-4.85800468	-0.85451840	-3.75377700
-4.81800468	-0.87209700	-3.75377700
-4.77800468	-0.87209700	-3.75377700
-4.73800468	-0.88961460	-3.75377700
-4.69800468	-0.88961460	-3.75377700
-4.65800468	-0.90713210	-3.75377700
-4.61800468	-0.90713210	-3.75377700
-4.57800468	-0.92464980	-3.75377700
-4.53800468	-0.94216750	0.68666640
-4.49800468	-0.94216750	0.68666640
-4.45800468	-0.94216750	-3.75377700
-4.41800468	-0.94216750	-3.75377700
-4.37800468	-0.94216750	-3.75377700
-4.33800468	-0.94216750	-3.75377700
-4.29800468	-0.95968510	0.68666640
-4.25800468	-0.95968510	-3.75377700
-4.21800468	-0.95968510	0.68666640
-4.17800468	-0.97726370	-3.75377700
-4.13800468	-0.97726370	0.68666640
-4.09800468	-0.97726370	-3.75377700
-4.05800468	-0.97726370	-3.75377700
-4.01800468	-0.97726370	-3.75377700
-3.97800468	-0.97726370	0.68666640
-3.93800468	-0.97726370	0.68666640
-3.89800468	-0.97726370	0.68666640
-3.85800468	-0.97726370	0.68666640
-3.81800468	-0.99478140	-3.75377700
-3.77800468	-0.99478140	0.68666640
-3.73800468	-0.99478140	0.68666640
-3.69800468	-0.99478140	0.68666640
-3.65800468	-0.99478140	5.12711000
-3.61800468	-0.99478140	0.68666640
-3.57800468	-0.99478140	0.68666640
-3.53800468	-0.99478140	5.12711000
-3.49800468	-0.99478140	5.12711000
-3.45800468	-0.99478140	5.12711000
-3.41800468	-0.99478140	-3.75377700
-3.37800468	-0.99478140	5.12711000
-3.33800469	-0.99478140	0.68666640
-3.29800469	-0.99478140	13.99274000
-3.25800469	-0.94216750	27.29881000
-3.21800469	-0.95968510	9.55229400
-3.17800469	-0.97726370	5.12711000
-3.13800469	-0.97726370	-8.19422000
-3.09800469	-0.99478140	-3.75377700
-3.05800469	-0.99478140	0.68666640
-3.01800469	-0.99478140	5.12711000
-2.97800469	-0.97726370	9.55229400
-2.93800469	-0.97726370	13.99274000
-2.89800469	-0.99478140	5.12711000
-2.85800469	-0.99478140	5.12711000
-2.81800469	-0.99478140	5.12711000
-2.77800469	-0.99478140	9.55229400
-2.73800469	-0.99478140	9.55229400
-2.69800469	-0.99478140	9.55229400
-2.65800469	-0.99478140	9.55229400
-2.61800469	-0.99478140	9.55229400
-2.57800469	-0.99478140	9.55229400
-2.53800469	-0.99478140	9.55229400
-2.49800469	-0.99478140	9.55229400
-2.45800469	-0.99478140	9.55229400
-2.41800469	-0.99478140	9.55229400
-2.37800469	-0.99478140	9.55229400
-2.33800469	-0.99478140	13.99274000
-2.29800469	-0.99478140	9.55229400
-2.25800469	-0.99478140	13.99274000
-2.21800469	-0.99478140	9.55229400
-2.17800469	-0.99478140	13.99274000
-2.13800469	-0.99478140	9.55229400
-2.09800469	-0.99478140	13.99274000
-2.05800469	-0.99478140	13.99274000
-2.01800469	-0.99478140	13.99274000
-1.97800469	-0.99478140	13.99274000
-1.93800469	-0.99478140	13.99274000
-1.89800469	-0.99478140	18.43318000
-1.85800469	-0.99478140	13.99274000
-1.81800469	-0.99478140	18.43318000
-1.77800469	-0.99478140	13.99274000
-1.73800469	-0.99478140	18.43318000
-1.69800470	-0.99478140	18.43318000
-1.65800470	-0.99478140	22.87362000
-1.61800470	-0.99478140	18.43318000
-1.57800470	-0.99478140	18.43318000
-1.53800470	-0.99478140	18.43318000
-1.49800470	-0.99478140	18.43318000
-1.45800470	-0.99478140	22.87362000
-1.41800470	-0.99478140	22.87362000
-1.37800470	-0.99478140	22.87362000
-1.33800470	-0.99478140	22.87362000
-1.29800470	-0.97726370	22.87362000
-1.25800470	-0.94216750	22.87362000
-1.21800470	-0.92464980	22.87362000
-1.17800470	-0.90713210	22.87362000
-1.13800470	-0.87209700	27.29881000
-1.09800470	-0.85451840	27.29881000
-1.05800470	-0.83700070	27.29881000
-1.01800470	-0.78444780	27.29881000
-0.97800470	-0.74941250	27.29881000
-0.93800470	-0.71431630	27.29881000
-0.89800470	-0.67928100	31.72399000
-0.85800470	-0.64424570	31.72399000
-0.81800470	-0.59163190	31.72399000
-0.77800470	-0.57411420	31.72399000
-0.73800470	-0.55659660	31.72399000
-0.69800470	-0.52156140	31.72399000
-0.65800470	-0.48646510	31.72399000
-0.61800470	-0.45142980	36.16443000
-0.57800470	-0.43391220	36.16443000
-0.53800470	-0.41639450	36.16443000
-0.49800470	-0.38129830	40.60488000
-0.45800470	-0.38129830	40.60488000
-0.41800470	-0.34626300	40.60488000
-0.37800470	-0.34626300	40.60488000
-0.33800470	-0.32874540	40.60488000
-0.29800470	-0.31122780	45.04532000
-0.25800470	-0.29364910	36.16443000
-0.21800470	-0.27613150	45.04532000
-0.17800470	-0.25861390	40.60488000
-0.13800470	-0.24109620	45.04532000
-0.09800470	-0.22357860	45.04532000
-0.05800471	-0.20606100	45.04532000
-0.01800471	-0.20606100	45.04532000
0.02199529	-0.18854340	45.04532000
0.06199529	-0.17096470	45.04532000
0.10199529	-0.15344710	45.04532000
0.14199529	-0.15344710	49.47050000
0.18199529	-0.15344710	49.47050000
0.22199529	-0.13592950	49.47050000
0.26199529	-0.11841180	49.47050000
0.30199529	-0.10089420	49.47050000
0.34199529	-0.10089420	49.47050000
0.38199529	-0.10089420	49.47050000
0.42199529	-0.10089420	49.47050000
0.46199529	-0.08337657	53.91095000
0.50199529	-0.08337657	49.47050000
0.54199529	-0.08337657	53.91095000
0.58199529	-0.06579791	49.47050000
0.62199529	-0.06579791	49.47050000
0.66199529	-0.06579791	53.91095000
0.70199529	-0.04828028	53.91095000
0.74199529	-0.04828028	58.35139000
0.78199529	-0.03076266	53.91095000
0.82199529	-0.03076266	58.35139000
0.86199529	-0.03076266	58.35139000
0.90199529	-0.03076266	58.35139000
0.94199529	-0.03076266	53.91095000
0.98199529	-0.03076266	62.79184000
1.02199529	-0.03076266	58.35139000
1.06199529	-0.03076266	58.35139000
1.10199529	-0.01324503	58.35139000
1.14199529	-0.03076266	58.35139000
1.18199529	-0.01324503	58.35139000
1.22199529	-0.01324503	58.35139000
1.26199529	-0.01324503	58.35139000
1.30199529	-0.01324503	62.79184000
1.34199529	-0.01324503	62.79184000
1.38199529	-0.01324503	58.35139000
1.42199529	-0.01324503	62.79184000
1.46199529	-0.01324503	58.35139000
1.50199529	-0.01324503	62.79184000
1.54199529	-0.01324503	62.79184000
1.58199528	-0.01324503	62.79184000
1.62199528	-0.01324503	53.91095000
1.66199528	-0.01324503	58.35139000
1.70199528	-0.03076266	49.47050000
1.74199528	-0.06579791	71.65746000
1.78199528	0.00427259	76.09790000
1.82199528	-0.01324503	67.21702000
1.86199528	-0.01324503	58.35139000
1.90199528	-0.03076266	58.35139000
1.94199528	-0.01324503	67.21702000
1.98199528	-0.01324503	67.21702000
2.02199528	-0.01324503	71.65746000
2.06199528	-0.01324503	71.65746000
2.10199528	-0.01324503	67.21702000
2.14199528	-0.01324503	67.21702000
2.18199528	-0.01324503	71.65746000
2.22199528	-0.01324503	67.21702000
2.26199528	-0.01324503	76.09790000
2.30199528	-0.01324503	71.65746000
2.34199528	-0.01324503	71.65746000
2.38199528	-0.01324503	71.65746000
2.42199528	-0.01324503	71.65746000
2.46199528	-0.01324503	71.65746000
2.50199528	0.00427259	71.65746000
2.54199528	-0.01324503	76.09790000
2.58199528	-0.01324503	71.65746000
2.62199528	-0.01324503	76.09790000
2.66199528	-0.01324503	76.09790000
2.70199528	-0.01324503	71.65746000
2.74199528	0.00427259	71.65746000
2.78199528	-0.01324503	76.09790000
2.82199528	-0.01324503	76.09790000
2.86199528	-0.01324503	76.09790000
2.90199528	-0.01324503	67.21702000
2.94199528	-0.01324503	76.09790000
2.98199528	-0.01324503	76.09790000
3.02199528	-0.01324503	76.09790000
3.06199528	-0.01324503	76.09790000
3.10199528	0.00427259	76.09790000
3.14199528	-0.01324503	76.09790000
3.18199528	-0.01324503	76.09790000
3.22199528	-0.01324503	76.09790000
3.26199527	-0.01324503	76.09790000
3.30199527	-0.01324503	80.53835000
3.34199527	-0.01324503	76.09790000
3.38199527	-0.01324503	76.09790000
3.42199527	-0.01324503	76.09790000
3.46199527	-0.01324503	80.53835000
3.50199527	-0.01324503	76.09790000
3.54199527	-0.01324503	80.53835000
3.58199527	0.00427259	80.53835000
3.62199527	0.00427259	80.53835000
3.66199527	-0.01324503	80.53835000
3.70199527	-0.01324503	80.53835000
3.74199527	-0.01324503	80.53835000
3.78199527	-0.01324503	80.53835000
3.82199527	0.00427259	80.53835000
3.86199527	-0.01324503	80.53835000
3.90199527	-0.01324503	80.53835000
3.94199527	-0.01324503	80.53835000
3.98199527	-0.01324503	80.53835000
4.02199527	-0.01324503	80.53835000
4.06199527	-0.01324503	84.96352000
4.10199527	0.00427259	80.53835000
4.14199527	-0.01324503	84.96352000
4.18199527	-0.01324503	80.53835000
4.22199527	-0.01324503	84.96352000
4.26199527	-0.01324503	80.53835000
4.30199527	-0.01324503	80.53835000
4.34199527	-0.01324503	84.96352000
4.38199527	0.00427259	80.53835000
4.42199527	-0.01324503	84.96352000
4.46199527	-0.01324503	84.96352000
4.50199527	0.00427259	84.96352000
4.54199527	-0.01324503	80.53835000
4.58199527	-0.01324503	84.96352000
4.62199527	-0.01324503	84.96352000
4.66199527	-0.01324503	84.96352000
4.70199527	-0.01324503	84.96352000
4.74199527	-0.01324503	84.96352000
4.78199527	-0.01324503	80.53835000
4.82199527	-0.01324503	84.96352000
4.86199527	-0.01324503	84.96352000
4.90199526	-0.01324503	84.96352000
4.94199526	-0.01324503	84.96352000
4.98199526	-0.01324503	84.96352000
5.02199526	-0.01324503	80.53835000
5.06199526	-0.01324503	84.96352000
5.10199526	-0.01324503	84.96352000
5.14199526	-0.01324503	84.96352000
5.18199526	-0.01324503	84.96352000
5.22199526	-0.01324503	84.96352000
5.26199526	-0.01324503	84.96352000
5.30199526	-0.01324503	84.96352000
5.34199526	-0.01324503	84.96352000
5.38199526	-0.01324503	84.96352000
5.42199526	-0.01324503	84.96352000
5.46199526	-0.01324503	84.96352000
5.50199526	-0.01324503	84.96352000
5.54199526	-0.01324503	89.40398000
5.58199526	0.00427259	89.40398000
5.62199526	-0.01324503	89.40398000
5.66199526	-0.01324503	84.96352000
5.70199526	-0.01324503	89.40398000
5.74199526	-0.01324503	89.40398000
5.78199526	-0.01324503	84.96352000
5.82199526	-0.01324503	84.96352000
5.86199526	-0.01324503	84.96352000
5.90199526	-0.01324503	89.40398000
5.94199526	-0.01324503	89.40398000
5.98199526	-0.01324503	89.40398000
6.02199526	-0.01324503	89.40398000
6.06199526	-0.01324503	84.96352000
6.10199526	-0.01324503	89.40398000
6.14199526	-0.01324503	84.96352000
6.18199526	-0.01324503	89.40398000
6.22199526	-0.01324503	89.40398000
6.26199526	-0.01324503	89.40398000
6.30199526	-0.01324503	89.40398000
6.34199526	-0.01324503	89.40398000
6.38199526	-0.01324503	89.40398000
6.42199526	-0.01324503	89.40398000
6.46199526	-0.01324503	89.40398000
6.50199526	-0.01324503	89.40398000
6.54199525	-0.01324503	89.40398000
6.58199525	-0.01324503	89.40398000
6.62199525	-0.01324503	89.40398000
6.66199525	-0.01324503	89.40398000
6.70199525	-0.01324503	89.40398000
6.74199525	-0.01324503	89.40398000
6.78199525	0.00427259	89.40398000
6.82199525	-0.01324503	89.40398000
6.86199525	-0.01324503	93.84441000
6.90199525	0.00427259	89.40398000
6.94199525	-0.01324503	89.40398000
6.98199525	-0.01324503	89.40398000
7.02199525	-0.01324503	93.84441000
7.06199525	-0.01324503	93.84441000
7.10199525	-0.01324503	84.96352000
7.14199525	-0.01324503	89.40398000
7.18199525	-0.01324503	89.40398000
7.22199525	-0.01324503	89.40398000
7.26199525	-0.01324503	89.40398000
7.30199525	-0.01324503	93.84441000
7.34199525	-0.01324503	89.40398000
7.38199525	-0.01324503	93.84441000
7.42199525	-0.01324503	89.40398000
7.46199525	-0.01324503	93.84441000
7.50199525	-0.01324503	89.40398000
7.54199525	-0.01324503	93.84441000
7.58199525	-0.01324503	89.40398000
7.62199525	-0.01324503	89.40398000
7.66199525	0.00427259	93.84441000
7.70199525	-0.01324503	89.40398000
7.74199525	-0.01324503	93.84441000
7.78199525	-0.01324503	89.40398000
7.82199525	-0.01324503	89.40398000
7.86199525	-0.01324503	89.40398000
7.90199525	-0.01324503	89.40398000
7.94199525	-0.01324503	93.84441000
7.98199525	-0.01324503	89.40398000
8.02199525	-0.01324503	93.84441000
8.06199525	-0.01324503	89.40398000
8.10199525	-0.01324503	93.84441000
8.14199525	-0.01324503	89.40398000
8.18199524	-0.01324503	89.40398000
8.22199524	-0.01324503	89.40398000
8.26199524	-0.01324503	89.40398000
8.30199524	-0.01324503	89.40398000
8.34199524	-0.01324503	93.84441000
8.38199524	-0.01324503	93.84441000
8.42199524	-0.01324503	89.40398000
8.46199524	-0.01324503	89.40398000
8.50199524	-0.01324503	89.40398000
8.54199524	-0.01324503	89.40398000
8.58199524	-0.01324503	89.40398000
8.62199524	0.00427259	89.40398000
8.66199524	-0.01324503	89.40398000
8.70199524	-0.01324503	93.84441000
8.74199524	-0.01324503	93.84441000
8.78199524	-0.01324503	93.84441000
8.82199524	-0.01324503	93.84441000
8.86199524	-0.01324503	89.40398000
8.90199524	-0.01324503	93.84441000
8.94199524	-0.01324503	89.40398000
8.98199524	-0.01324503	89.40398000
9.02199524	-0.01324503	89.40398000
9.06199524	-0.01324503	93.84441000
9.10199524	-0.01324503	89.40398000
9.14199524	-0.01324503	93.84441000
9.18199524	-0.01324503	89.40398000
9.22199524	-0.01324503	84.96352000
9.26199524	-0.01324503	93.84441000
9.30199524	-0.01324503	89.40398000
9.34199524	-0.01324503	93.84441000
9.38199524	-0.01324503	89.40398000
9.42199524	-0.01324503	93.84441000
9.46199524	-0.01324503	89.40398000
9.50199524	-0.01324503	89.40398000
9.54199524	-0.01324503	89.40398000
9.58199524	-0.01324503	89.40398000
9.62199524	-0.01324503	89.40398000
9.66199524	-0.01324503	89.40398000
9.70199524	-0.01324503	89.40398000
9.74199524	-0.01324503	89.40398000
9.78199524	-0.01324503	89.40398000
9.82199523	-0.01324503	89.40398000
9.86199523	-0.01324503	89.40398000
9.90199523	-0.01324503	89.40398000
9.94199523	-0.01324503	89.40398000
9.98199523	-0.01324503	89.40398000
10.02199523	-0.01324503	84.96352000
10.06199523	-0.01324503	89.40398000
10.10199523	-0.01324503	89.40398000
10.14199523	-0.01324503	89.40398000
10.18199523	-0.01324503	89.40398000
10.22199523	-0.01324503	89.40398000
10.26199523	-0.01324503	84.96352000
10.30199523	-0.01324503	89.40398000
10.34199523	0.00427259	84.96352000
10.38199523	-0.01324503	89.40398000
10.42199523	-0.01324503	84.96352000
10.46199523	-0.01324503	89.40398000
10.50199523	-0.01324503	84.96352000
10.54199523	-0.01324503	84.96352000
10.58199523	-0.01324503	84.96352000
10.62199523	-0.01324503	84.96352000
10.66199523	0.00427259	84.96352000
10.70199523	0.00427259	89.40398000
10.74199523	-0.01324503	84.96352000
10.78199523	-0.01324503	84.96352000
10.82199523	-0.01324503	89.40398000
10.86199523	-0.01324503	84.96352000
10.90199523	-0.01324503	84.96352000
10.94199523	-0.01324503	84.96352000
10.98199523	-0.01324503	84.96352000
11.02199523	-0.01324503	84.96352000
11.06199523	0.00427259	84.96352000
11.10199523	-0.01324503	84.96352000
11.14199523	-0.01324503	84.96352000
11.18199523	-0.01324503	84.96352000
11.22199523	-0.01324503	89.40398000
11.26199523	-0.01324503	89.40398000
11.30199523	-0.01324503	84.96352000
11.34199523	-0.01324503	80.53835000
11.38199523	-0.01324503	84.96352000
11.42199523	-0.01324503	84.96352000
11.46199522	-0.01324503	89.40398000
11.50199522	-0.01324503	84.96352000
11.54199522	-0.01324503	84.96352000
11.58199522	-0.01324503	84.96352000
11.62199522	-0.01324503	84.96352000
11.66199522	-0.01324503	84.96352000
11.70199522	-0.01324503	84.96352000
11.74199522	-0.01324503	84.96352000
11.78199522	0.00427259	84.96352000
11.82199522	0.00427259	84.96352000
11.86199522	0.00427259	84.96352000
11.90199522	-0.01324503	89.40398000
11.94199522	-0.03076266	49.47050000
11.98199522	-0.03076266	71.65746000
12.02199522	-0.08337657	80.53835000
12.06199522	-0.03076266	93.84441000
12.10199522	-0.03076266	93.84441000
12.14199522	-0.01324503	84.96352000
12.18199522	0.00427259	89.40398000
12.22199522	-0.01324503	80.53835000
12.26199522	-0.01324503	80.53835000
12.30199522	-0.01324503	84.96352000
12.34199522	-0.01324503	84.96352000
12.38199522	-0.01324503	80.53835000
12.42199522	-0.01324503	84.96352000
12.46199522	0.00427259	84.96352000
12.50199522	-0.01324503	84.96352000
12.54199522	-0.01324503	80.53835000
12.58199522	-0.01324503	84.96352000
12.62199522	-0.01324503	84.96352000
12.66199522	-0.01324503	84.96352000
12.70199522	-0.01324503	84.96352000
12.74199522	-0.01324503	84.96352000
12.78199522	-0.01324503	84.96352000
12.82199522	-0.01324503	84.96352000
12.86199522	-0.01324503	84.96352000
12.90199522	-0.01324503	80.53835000
12.94199522	-0.01324503	84.96352000
12.98199522	-0.01324503	84.96352000
13.02199522	-0.01324503	84.96352000
13.06199522	-0.01324503	84.96352000
13.10199521	-0.01324503	84.96352000
13.14199521	-0.01324503	80.53835000
13.18199521	-0.01324503	84.96352000
13.22199521	-0.01324503	80.53835000
13.26199521	-0.01324503	84.96352000
13.30199521	-0.01324503	84.96352000
13.34199521	-0.01324503	84.96352000
13.38199521	-0.01324503	84.96352000
13.42199521	-0.01324503	80.53835000
13.46199521	-0.01324503	84.96352000
13.50199521	-0.01324503	80.53835000
13.54199521	-0.01324503	84.96352000
13.58199521	-0.01324503	76.09790000
13.62199521	-0.01324503	84.96352000
13.66199521	-0.01324503	80.53835000
13.70199521	-0.01324503	84.96352000
13.74199521	-0.01324503	80.53835000
13.78199521	-0.01324503	80.53835000
13.82199521	-0.01324503	80.53835000
13.86199521	-0.01324503	80.53835000
13.90199521	-0.01324503	80.53835000
13.94199521	-0.01324503	80.53835000
13.98199521	0.00427259	84.96352000
14.02199521	0.00427259	80.53835000
14.06199521	0.00427259	80.53835000
14.10199521	-0.01324503	80.53835000
14.14199521	-0.01324503	80.53835000
14.18199521	-0.01324503	84.96352000
14.22199521	-0.01324503	80.53835000
14.26199521	-0.01324503	80.53835000
14.30199521	-0.01324503	80.53835000
14.34199521	-0.01324503	76.09790000
14.38199521	-0.01324503	84.96352000
14.42199521	-0.01324503	84.96352000
14.46199521	-0.01324503	80.53835000
14.50199521	-0.01324503	76.09790000
14.54199521	-0.01324503	80.53835000
14.58199521	-0.01324503	80.53835000
14.62199521	-0.01324503	80.53835000
14.66199521	-0.01324503	80.53835000
14.70199521	-0.01324503	80.53835000
14.74199521	-0.01324503	80.53835000
14.78199520	0.00427259	76.09790000
14.82199520	-0.01324503	80.53835000
14.86199520	-0.01324503	76.09790000
14.90199520	-0.01324503	76.09790000
14.94199520	-0.01324503	76.09790000
14.98199520	-0.01324503	76.09790000
15.02199520	-0.01324503	80.53835000
15.06199520	-0.01324503	76.09790000
15.10199520	-0.01324503	76.09790000
15.14199520	-0.01324503	76.09790000
15.18199520	-0.01324503	80.53835000
15.22199520	-0.01324503	76.09790000
15.26199520	-0.01324503	76.09790000
15.30199520	-0.01324503	76.09790000
15.34199520	-0.01324503	76.09790000
15.38199520	-0.01324503	76.09790000
15.42199520	-0.01324503	76.09790000
15.46199520	0.00427259	76.09790000
15.50199520	-0.01324503	80.53835000
15.54199520	-0.01324503	71.65746000
15.58199520	-0.01324503	80.53835000
15.62199520	-0.01324503	76.09790000
15.66199520	-0.01324503	76.09790000
15.70199520	-0.01324503	76.09790000
15.74199520	-0.01324503	76.09790000
15.78199520	0.00427259	76.09790000
15.82199520	-0.01324503	76.09790000
15.86199520	-0.01324503	76.09790000
15.90199520	-0.01324503	76.09790000
15.94199520	-0.01324503	76.09790000
15.98199520	-0.01324503	76.09790000
16.02199520	-0.01324503	76.09790000
16.06199520	-0.01324503	76.09790000
16.10199520	-0.01324503	76.09790000
16.14199520	-0.01324503	76.09790000
16.18199520	0.00427259	76.09790000
16.22199520	-0.01324503	76.09790000
16.26199520	-0.01324503	76.09790000
16.30199520	-0.01324503	71.65746000
16.34199520	-0.01324503	71.65746000
16.38199520	-0.01324503	71.65746000
16.42199519	-0.01324503	76.09790000
16.46199519	-0.01324503	76.09790000
16.50199519	-0.01324503	76.09790000
16.54199519	-0.01324503	76.09790000
16.58199519	-0.01324503	71.65746000
16.62199519	0.00427259	76.09790000
16.66199519	-0.01324503	67.21702000
16.70199519	-0.03076266	67.21702000
16.74199519	-0.06579791	36.16443000
16.78199519	-0.04828028	71.65746000
16.82199519	-0.01324503	76.09790000
16.86199519	-0.03076266	71.65746000
16.90199519	-0.03076266	76.09790000
16.94199519	-0.03076266	62.79184000
16.98199519	-0.01324503	71.65746000
17.02199519	-0.01324503	71.65746000
17.06199519	-0.01324503	76.09790000
17.10199519	-0.01324503	76.09790000
17.14199519	0.00427259	76.09790000
17.18199519	-0.01324503	67.21702000
17.22199519	-0.01324503	71.65746000
17.26199519	-0.01324503	67.21702000
17.30199519	0.00427259	76.09790000
17.34199519	0.00427259	71.65746000
17.38199519	-0.01324503	71.65746000
17.42199519	-0.01324503	67.21702000
17.46199519	-0.01324503	67.21702000
17.50199519	-0.01324503	71.65746000
17.54199519	-0.01324503	71.65746000
17.58199519	-0.01324503	71.65746000
17.62199519	-0.01324503	71.65746000
17.66199519	-0.01324503	67.21702000
17.70199519	-0.01324503	71.65746000
17.74199519	-0.01324503	71.65746000
17.78199519	-0.01324503	71.65746000
17.82199519	-0.01324503	67.21702000
17.86199519	0.00427259	67.21702000
17.90199519	-0.01324503	67.21702000
17.94199519	-0.01324503	67.21702000
17.98199519	-0.01324503	67.21702000
18.02199519	-0.01324503	67.21702000
18.06199518	-0.01324503	71.65746000
18.10199518	-0.01324503	67.21702000
18.14199518	-0.01324503	67.21702000
18.18199518	0.00427259	67.21702000
18.22199518	-0.01324503	67.21702000
18.26199518	-0.01324503	67.21702000
18.30199518	-0.01324503	67.21702000
18.34199518	-0.01324503	67.21702000
18.38199518	-0.01324503	67.21702000
18.42199518	-0.01324503	62.79184000
18.46199518	0.00427259	67.21702000
18.50199518	-0.01324503	67.21702000
18.54199518	-0.01324503	67.21702000
18.58199518	-0.01324503	67.21702000
18.62199518	-0.01324503	67.21702000
18.66199518	-0.01324503	67.21702000
18.70199518	-0.01324503	58.35139000
18.74199518	-0.01324503	67.21702000
18.78199518	0.00427259	67.21702000
18.82199518	-0.01324503	67.21702000
18.86199518	-0.01324503	62.79184000
18.90199518	-0.01324503	67.21702000
18.94199518	-0.01324503	67.21702000
18.98199518	-0.01324503	67.21702000
19.02199518	-0.01324503	62.79184000
19.06199518	-0.01324503	62.79184000
19.10199518	-0.01324503	67.21702000
19.14199518	-0.01324503	62.79184000
19.18199518	-0.01324503	62.79184000
19.22199518	-0.01324503	62.79184000
19.26199518	-0.01324503	67.21702000
19.30199518	0.00427259	67.21702000
19.34199518	0.00427259	67.21702000
19.38199518	-0.01324503	58.35139000
19.42199518	-0.01324503	62.79184000
19.46199518	-0.01324503	67.21702000
19.50199518	-0.01324503	62.79184000
19.54199518	-0.01324503	62.79184000
19.58199518	-0.01324503	62.79184000
19.62199518	-0.01324503	58.35139000
19.66199518	-0.01324503	62.79184000
19.70199517	0.00427259	67.21702000
19.74199517	-0.01324503	53.91095000
19.78199517	-0.01324503	67.21702000
19.82199517	-0.01324503	62.79184000
19.86199517	-0.01324503	62.79184000
19.90199517	-0.01324503	62.79184000
19.94199517	-0.01324503	62.79184000
19.98199517	0.00427259	58.35139000
20.02199517	0.00427259	62.79184000
20.06199517	-0.01324503	58.35139000
20.10199517	-0.01324503	62.79184000
20.14199517	-0.01324503	58.35139000
20.18199517	-0.01324503	58.35139000
20.22199517	0.00427259	58.35139000
20.26199517	-0.01324503	58.35139000
20.30199517	-0.01324503	62.79184000
20.34199517	-0.01324503	58.35139000
20.38199517	-0.01324503	58.35139000
20.42199517	-0.01324503	58.35139000
20.46199517	-0.01324503	62.79184000
20.50199517	-0.01324503	58.35139000
20.54199517	-0.01324503	58.35139000
20.58199517	-0.01324503	58.35139000
20.62199517	-0.01324503	58.35139000
20.66199517	-0.01324503	58.35139000
20.70199517	-0.01324503	58.35139000
20.74199517	-0.01324503	58.35139000
20.78199517	-0.01324503	58.35139000
20.82199517	-0.01324503	58.35139000
20.86199517	-0.01324503	58.35139000
20.90199517	-0.01324503	58.35139000
20.94199517	-0.01324503	58.35139000
20.98199517	-0.01324503	58.35139000
21.02199517	0.00427259	58.35139000
21.06199517	-0.01324503	58.35139000
21.10199517	-0.01324503	58.35139000
21.14199517	0.00427259	58.35139000
21.18199517	-0.01324503	53.91095000
21.22199517	-0.01324503	58.35139000
21.26199517	0.00427259	53.91095000
21.30199517	-0.01324503	53.91095000
21.34199516	-0.01324503	58.35139000
21.38199516	-0.01324503	58.35139000
21.42199516	-0.01324503	58.35139000
21.46199516	-0.01324503	58.35139000
21.50199516	-0.01324503	58.35139000
21.54199516	-0.01324503	53.91095000
21.58199516	-0.01324503	53.91095000
21.62199516	-0.01324503	53.91095000
21.66199516	-0.01324503	53.91095000
21.70199516	-0.01324503	53.91095000
21.74199516	-0.01324503	53.91095000
21.78199516	-0.01324503	58.35139000
21.82199516	-0.01324503	53.91095000
21.86199516	-0.01324503	49.47050000
21.90199516	-0.01324503	53.91095000
21.94199516	-0.01324503	53.91095000
21.98199516	-0.01324503	53.91095000
22.02199516	-0.01324503	49.47050000
22.06199516	-0.01324503	49.47050000
22.10199516	-0.01324503	53.91095000
22.14199516	-0.01324503	53.91095000
22.18199516	-0.01324503	49.47050000
22.22199516	-0.01324503	49.47050000
22.26199516	-0.01324503	49.47050000
22.30199516	-0.01324503	49.47050000
22.34199516	-0.01324503	49.47050000
22.38199516	-0.01324503	49.47050000
22.42199516	-0.01324503	49.47050000
22.46199516	-0.01324503	49.47050000
22.50199516	-0.01324503	49.47050000
22.54199516	-0.01324503	49.47050000
22.58199516	-0.01324503	49.47050000
22.62199516	-0.01324503	49.47050000
22.66199516	-0.01324503	49.47050000
22.70199516	-0.01324503	49.47050000
22.74199516	-0.01324503	49.47050000
22.78199516	-0.01324503	49.47050000
22.82199516	-0.01324503	49.47050000
22.86199516	-0.01324503	49.47050000
22.90199516	-0.01324503	49.47050000
22.94199516	-0.01324503	49.47050000
22.98199515	-0.01324503	45.04532000
23.02199515	-0.01324503	49.47050000
23.06199515	-0.01324503	49.47050000
23.10199515	-0.01324503	49.47050000
23.14199515	-0.01324503	49.47050000
23.18199515	-0.01324503	49.47050000
23.22199515	-0.01324503	49.47050000
23.26199515	-0.01324503	49.47050000
23.30199515	-0.01324503	49.47050000
23.34199515	-0.01324503	45.04532000
23.38199515	-0.01324503	49.47050000
23.42199515	-0.01324503	45.04532000
23.46199515	-0.01324503	49.47050000
23.50199515	-0.01324503	45.04532000
23.54199515	-0.01324503	49.47050000
23.58199515	-0.01324503	45.04532000
23.62199515	-0.01324503	49.47050000
23.66199515	-0.01324503	45.04532000
23.70199515	-0.01324503	49.47050000
23.74199515	-0.01324503	45.04532000
23.78199515	0.00427259	45.04532000
23.82199515	-0.01324503	45.04532000
23.86199515	0.00427259	49.47050000
23.90199515	-0.01324503	45.04532000
23.94199515	-0.01324503	49.47050000
23.98199515	0.00427259	45.04532000
24.02199515	0.00427259	45.04532000
24.06199515	0.00427259	49.47050000
24.10199515	0.00427259	45.04532000
24.14199515	-0.01324503	49.47050000
24.18199515	-0.01324503	45.04532000
24.22199515	-0.01324503	45.04532000
24.26199515	-0.01324503	45.04532000
24.30199515	-0.01324503	45.04532000
24.34199515	0.00427259	45.04532000
24.38199515	-0.01324503	45.04532000
24.42199515	0.00427259	45.04532000
24.46199515	-0.01324503	45.04532000
24.50199515	0.00427259	49.47050000
24.54199515	-0.01324503	49.47050000
24.58199515	-0.01324503	45.04532000
24.62199514	-0.01324503	45.04532000
24.66199514	0.00427259	45.04532000
24.70199514	-0.01324503	45.04532000
24.74199514	-0.01324503	45.04532000
24.78199514	-0.01324503	45.04532000
24.82199514	-0.01324503	45.04532000
24.86199514	-0.01324503	45.04532000
24.90199514	-0.01324503	45.04532000
24.94199514	-0.01324503	49.47050000
24.98199514	-0.01324503	45.04532000
25.02199514	-0.01324503	40.60488000
25.06199514	-0.01324503	45.04532000
25.10199514	0.00427259	40.60488000
25.14199514	-0.01324503	45.04532000
25.18199514	0.00427259	45.04532000
25.22199514	-0.01324503	40.60488000
25.26199514	0.00427259	45.04532000
25.30199514	-0.01324503	45.04532000
25.34199514	-0.01324503	40.60488000
25.38199514	-0.01324503	45.04532000
25.42199514	0.00427259	45.04532000
25.46199514	-0.01324503	40.60488000
25.50199514	-0.01324503	40.60488000
25.54199514	0.00427259	40.60488000
25.58199514	-0.01324503	45.04532000
25.62199514	-0.01324503	40.60488000
25.66199514	0.00427259	40.60488000
25.70199514	-0.01324503	40.60488000
25.74199514	-0.01324503	40.60488000
25.78199514	-0.01324503	40.60488000
25.82199514	-0.01324503	40.60488000
25.86199514	-0.01324503	40.60488000
25.90199514	-0.01324503	40.60488000
25.94199514	-0.01324503	40.60488000
25.98199514	-0.01324503	40.60488000
26.02199514	-0.01324503	40.60488000
26.06199514	-0.01324503	36.16443000
26.10199514	-0.01324503	40.60488000
26.14199514	0.00427259	36.16443000
26.18199514	-0.01324503	40.60488000
26.22199514	-0.01324503	36.16443000
26.26199514	0.00427259	40.60488000
26.30199513	-0.01324503	40.60488000
26.34199513	-0.01324503	40.60488000
26.38199513	-0.01324503	40.60488000
26.42199513	-0.01324503	40.60488000
26.46199513	-0.01324503	40.60488000
26.50199513	-0.01324503	40.60488000
26.54199513	-0.01324503	40.60488000
26.58199513	-0.01324503	36.16443000
26.62199513	-0.01324503	40.60488000
26.66199513	-0.01324503	40.60488000
26.70199513	0.00427259	40.60488000
26.74199513	-0.01324503	40.60488000
26.78199513	-0.01324503	36.16443000
26.82199513	-0.01324503	36.16443000
26.86199513	-0.01324503	40.60488000
26.90199513	-0.01324503	36.16443000
26.94199513	-0.01324503	40.60488000
26.98199513	-0.01324503	40.60488000
27.02199513	-0.01324503	36.16443000
27.06199513	-0.01324503	40.60488000
27.10199513	-0.01324503	36.16443000
27.14199513	0.00427259	49.47050000
27.18199513	0.05682547	89.40398000
27.22199513	0.10937830	45.04532000
27.26199513	0.02179022	36.16443000
27.30199513	0.03930784	36.16443000
27.34199513	0.00427259	31.72399000
27.38199513	-0.01324503	31.72399000
27.42199513	-0.01324503	31.72399000
27.46199513	0.00427259	40.60488000
27.50199513	-0.01324503	31.72399000
27.54199513	-0.01324503	31.72399000
27.58199513	0.00427259	36.16443000
27.62199513	0.00427259	40.60488000
27.66199513	-0.01324503	36.16443000
27.70199513	-0.01324503	40.60488000
27.74199513	-0.01324503	36.16443000
27.78199513	-0.01324503	36.16443000
27.82199513	-0.01324503	36.16443000
27.86199513	-0.01324503	36.16443000
27.90199513	-0.01324503	36.16443000
27.94199512	-0.01324503	36.16443000
27.98199512	-0.01324503	36.16443000
28.02199512	-0.01324503	31.72399000
28.06199512	-0.01324503	36.16443000
28.10199512	-0.01324503	36.16443000
28.14199512	-0.01324503	36.16443000
28.18199512	-0.01324503	31.72399000
28.22199512	-0.01324503	36.16443000
28.26199512	-0.01324503	31.72399000
28.30199512	-0.01324503	36.16443000
28.34199512	-0.01324503	36.16443000
28.38199512	-0.01324503	31.72399000
28.42199512	-0.01324503	31.72399000
28.46199512	-0.01324503	31.72399000
28.50199512	-0.01324503	31.72399000
28.54199512	-0.01324503	31.72399000
28.58199512	-0.01324503	31.72399000
28.62199512	-0.01324503	31.72399000
28.66199512	-0.01324503	31.72399000
28.70199512	-0.01324503	31.72399000
28.74199512	-0.01324503	36.16443000
28.78199512	-0.01324503	31.72399000
28.82199512	-0.01324503	31.72399000
28.86199512	-0.01324503	31.72399000
28.90199512	-0.01324503	31.72399000
28.94199512	-0.01324503	31.72399000
28.98199512	0.00427259	31.72399000
29.02199512	-0.01324503	31.72399000
29.06199512	-0.01324503	31.72399000
29.10199512	-0.01324503	31.72399000
29.14199512	-0.01324503	31.72399000
29.18199512	-0.01324503	31.72399000
29.22199512	-0.01324503	27.29881000
29.26199512	-0.01324503	31.72399000
29.30199512	-0.01324503	27.29881000
29.34199512	-0.01324503	31.72399000
29.38199512	-0.01324503	31.72399000
29.42199512	-0.01324503	31.72399000
29.46199512	-0.01324503	31.72399000
29.50199512	-0.01324503	31.72399000
29.54199512	-0.01324503	27.29881000
29.58199511	-0.01324503	31.72399000
29.62199511	-0.01324503	31.72399000
29.66199511	-0.01324503	31.72399000
29.70199511	-0.01324503	31.72399000
29.74199511	-0.01324503	27.29881000
29.78199511	-0.01324503	31.72399000
29.82199511	-0.01324503	27.29881000
29.86199511	-0.01324503	31.72399000
29.90199511	-0.01324503	27.29881000
29.94199511	0.00427259	31.72399000
29.98199511	0.00427259	31.72399000
30.02199511	-0.01324503	31.72399000
30.06199511	-0.01324503	31.72399000
30.10199511	-0.01324503	31.72399000
30.14199511	-0.01324503	27.29881000
30.18199511	-0.01324503	31.72399000
30.22199511	-0.01324503	31.72399000
30.26199511	-0.01324503	27.29881000
30.30199511	0.00427259	31.72399000
30.34199511	-0.01324503	27.29881000
30.38199511	-0.01324503	31.72399000
30.42199511	-0.01324503	27.29881000
30.46199511	0.00427259	31.72399000
30.50199511	-0.01324503	27.29881000
30.54199511	0.00427259	27.29881000
30.58199511	-0.01324503	27.29881000
30.62199511	0.00427259	27.29881000
30.66199511	-0.01324503	27.29881000
30.70199511	0.00427259	27.29881000
30.74199511	0.00427259	27.29881000
30.78199511	-0.01324503	22.87362000
30.82199511	0.00427259	31.72399000
30.86199511	-0.01324503	27.29881000
30.90199511	0.00427259	27.29881000
30.94199511	0.00427259	27.29881000
30.98199511	-0.01324503	27.29881000
31.02199511	-0.01324503	27.29881000
31.06199511	-0.01324503	27.29881000
31.10199511	-0.01324503	27.29881000
31.14199511	-0.01324503	27.29881000
31.18199511	-0.01324503	27.29881000
31.22199510	-0.01324503	27.29881000
31.26199510	-0.01324503	27.29881000
31.30199510	-0.01324503	27.29881000
31.34199510	-0.01324503	22.87362000
31.38199510	-0.01324503	27.29881000
31.42199510	-0.01324503	22.87362000
31.46199510	-0.01324503	27.29881000
31.50199510	-0.01324503	27.29881000
31.54199510	-0.01324503	22.87362000
31.58199510	-0.01324503	27.29881000
31.62199510	0.00427259	27.29881000
31.66199510	-0.01324503	27.29881000
31.70199510	-0.01324503	22.87362000
31.74199510	-0.01324503	27.29881000
31.78199510	0.00427259	36.16443000
31.82199510	0.03930784	36.16443000
31.86199510	0.03930784	36.16443000
31.90199510	-0.01324503	27.29881000
31.94199510	0.00427259	18.43318000
31.98199510	0.00427259	22.87362000
32.02199510	0.00427259	22.87362000
32.06199510	0.00427259	31.72399000
32.10199510	0.00427259	22.87362000
32.14199510	-0.01324503	27.29881000
32.18199510	0.00427259	22.87362000
32.22199510	-0.01324503	22.87362000
32.26199510	-0.01324503	27.29881000
32.30199510	-0.01324503	27.29881000
32.34199510	-0.01324503	22.87362000
32.38199510	-0.01324503	22.87362000
32.42199510	-0.01324503	22.87362000
32.46199510	-0.01324503	22.87362000
32.50199510	-0.01324503	22.87362000
32.54199510	-0.01324503	22.87362000
32.58199510	-0.01324503	22.87362000
32.62199510	-0.01324503	22.87362000
32.66199510	-0.01324503	22.87362000
32.70199510	-0.01324503	22.87362000
32.74199510	-0.01324503	22.87362000
32.78199510	-0.01324503	22.87362000
32.82199510	-0.01324503	22.87362000
32.86199509	0.00427259	22.87362000
32.90199509	-0.01324503	22.87362000
32.94199509	-0.01324503	22.87362000
32.98199509	-0.01324503	22.87362000
33.02199509	-0.01324503	22.87362000
33.06199509	-0.01324503	22.87362000
33.10199509	-0.01324503	22.87362000
33.14199509	-0.01324503	22.87362000
33.18199509	-0.01324503	22.87362000
33.22199509	0.00427259	18.43318000
33.26199509	-0.01324503	22.87362000
33.30199509	-0.01324503	22.87362000
33.34199509	-0.01324503	22.87362000
33.38199509	-0.01324503	22.87362000
33.42199509	-0.01324503	18.43318000
33.46199509	-0.01324503	18.43318000
33.50199509	-0.01324503	18.43318000
33.54199509	-0.01324503	18.43318000
33.58199509	0.00427259	22.87362000
33.62199509	-0.01324503	22.87362000
33.66199509	-0.01324503	18.43318000
33.70199509	-0.01324503	22.87362000
33.74199509	-0.01324503	18.43318000
33.78199509	-0.01324503	22.87362000
33.82199509	-0.01324503	18.43318000
33.86199509	-0.01324503	18.43318000
33.90199509	-0.01324503	18.43318000
33.94199509	-0.01324503	18.43318000
33.98199509	0.00427259	22.87362000
34.02199509	0.00427259	22.87362000
34.06199509	-0.01324503	18.43318000
34.10199509	-0.01324503	18.43318000
34.14199509	-0.01324503	18.43318000
34.18199509	-0.01324503	18.43318000
34.22199509	-0.01324503	18.43318000
34.26199509	-0.01324503	18.43318000
34.30199509	-0.01324503	18.43318000
34.34199509	-0.01324503	18.43318000
34.38199509	-0.01324503	18.43318000
34.42199509	-0.01324503	18.43318000
34.46199509	-0.01324503	18.43318000
34.50199508	-0.01324503	13.99274000
34.54199508	-0.01324503	18.43318000
34.58199508	-0.01324503	13.99274000
34.62199508	-0.01324503	18.43318000
34.66199508	-0.01324503	13.99274000
34.70199508	-0.01324503	13.99274000
34.74199508	-0.01324503	13.99274000
34.78199508	-0.01324503	13.99274000
34.82199508	-0.01324503	18.43318000
34.86199508	-0.01324503	18.43318000
34.90199508	0.00427259	18.43318000
34.94199508	-0.01324503	13.99274000
34.98199508	-0.01324503	18.43318000
35.02199508	0.00427259	13.99274000
35.06199508	-0.01324503	18.43318000
35.10199508	-0.01324503	13.99274000
35.14199508	-0.01324503	13.99274000
35.18199508	-0.01324503	13.99274000
35.22199508	-0.01324503	18.43318000
35.26199508	-0.01324503	13.99274000
35.30199508	-0.01324503	13.99274000
35.34199508	-0.01324503	18.43318000
35.38199508	0.00427259	13.99274000
35.42199508	-0.01324503	13.99274000
35.46199508	-0.01324503	18.43318000
35.50199508	-0.01324503	18.43318000
35.54199508	-0.01324503	13.99274000
35.58199508	-0.01324503	18.43318000
35.62199508	-0.01324503	13.99274000
35.66199508	-0.01324503	13.99274000
35.70199508	-0.01324503	13.99274000
35.74199508	-0.01324503	13.99274000
35.78199508	-0.01324503	13.99274000
35.82199508	-0.01324503	13.99274000
35.86199508	-0.01324503	13.99274000
35.90199508	-0.01324503	13.99274000
35.94199508	-0.01324503	13.99274000
35.98199508	-0.01324503	13.99274000
36.02199508	-0.01324503	13.99274000
36.06199508	-0.01324503	13.99274000
36.10199508	-0.01324503	13.99274000
36.14199507	-0.01324503	13.99274000
36.18199507	-0.01324503	13.99274000
36.22199507	-0.01324503	13.99274000
36.26199507	-0.01324503	13.99274000
36.30199507	-0.01324503	13.99274000
36.34199507	0.00427259	13.99274000
36.38199507	0.00427259	13.99274000
36.42199507	0.00427259	13.99274000
36.46199507	-0.01324503	13.99274000
36.50199507	-0.01324503	13.99274000
36.54199507	-0.01324503	13.99274000
36.58199507	-0.01324503	13.99274000
36.62199507	-0.01324503	13.99274000
36.66199507	-0.01324503	13.99274000
36.70199507	-0.01324503	18.43318000
36.74199507	0.00427259	5.12711000
36.78199507	-0.01324503	13.99274000
36.82199507	-0.01324503	13.99274000
36.86199507	-0.01324503	13.99274000
36.90199507	-0.01324503	13.99274000
36.94199507	-0.01324503	13.99274000
36.98199507	-0.01324503	13.99274000
37.02199507	-0.01324503	13.99274000
37.06199507	-0.01324503	13.99274000
37.10199507	0.00427259	9.55229400
37.14199507	-0.01324503	13.99274000
37.18199507	-0.01324503	13.99274000
37.22199507	0.00427259	13.99274000
37.26199507	-0.01324503	13.99274000
37.30199507	-0.01324503	13.99274000
37.34199507	-0.01324503	13.99274000
37.38199507	-0.01324503	13.99274000
37.42199507	0.00427259	13.99274000
37.46199507	0.00427259	13.99274000
37.50199507	-0.01324503	13.99274000
37.54199507	-0.01324503	13.99274000
37.58199507	-0.01324503	13.99274000
37.62199507	-0.01324503	13.99274000
37.66199507	-0.01324503	9.55229400
37.70199507	-0.01324503	13.99274000
37.74199507	-0.01324503	9.55229400
37.78199506	0.00427259	13.99274000
37.82199506	-0.01324503	9.55229400
37.86199506	0.00427259	9.55229400
37.90199506	-0.01324503	13.99274000
37.94199506	-0.01324503	9.55229400
37.98199506	-0.01324503	13.99274000
38.02199506	-0.01324503	9.55229400
38.06199506	0.00427259	9.55229400
38.10199506	-0.01324503	9.55229400
38.14199506	-0.01324503	9.55229400
38.18199506	-0.01324503	9.55229400
38.22199506	-0.01324503	13.99274000
38.26199506	-0.01324503	13.99274000
38.30199506	-0.01324503	13.99274000
38.34199506	-0.01324503	9.55229400
38.38199506	-0.01324503	9.55229400
38.42199506	-0.01324503	9.55229400
38.46199506	-0.01324503	9.55229400
38.50199506	-0.01324503	9.55229400
38.54199506	-0.01324503	9.55229400
38.58199506	-0.01324503	9.55229400
38.62199506	-0.01324503	13.99274000
38.66199506	-0.01324503	9.55229400
38.70199506	-0.01324503	9.55229400
38.74199506	-0.01324503	9.55229400
38.78199506	-0.01324503	9.55229400
38.82199506	-0.01324503	9.55229400
38.86199506	-0.01324503	9.55229400
38.90199506	-0.01324503	9.55229400
38.94199506	0.00427259	9.55229400
38.98199506	-0.01324503	9.55229400
39.02199506	0.00427259	9.55229400
39.06199506	0.00427259	9.55229400
39.10199506	-0.01324503	9.55229400
39.14199506	-0.01324503	9.55229400
39.18199506	-0.01324503	9.55229400
39.22199506	-0.01324503	9.55229400
39.26199506	-0.01324503	9.55229400
39.30199506	-0.01324503	9.55229400
39.34199506	0.00427259	9.55229400
39.38199506	-0.01324503	9.55229400
39.42199506	0.00427259	9.55229400
39.46199505	-0.01324503	9.55229400
39.50199505	-0.01324503	9.55229400
39.54199505	-0.01324503	9.55229400
39.58199505	-0.01324503	9.55229400
39.62199505	-0.01324503	5.12711000
39.66199505	-0.01324503	9.55229400
39.70199505	-0.01324503	9.55229400
39.74199505	-0.01324503	9.55229400
39.78199505	-0.01324503	5.12711000
39.82199505	-0.01324503	5.12711000
39.86199505	-0.01324503	9.55229400
39.90199505	-0.01324503	5.12711000
39.94199505	-0.01324503	9.55229400
39.98199505	-0.01324503	9.55229400
40.02199505	-0.01324503	9.55229400
40.06199505	-0.01324503	9.55229400
40.10199505	0.00427259	9.55229400
40.14199505	-0.01324503	5.12711000
40.18199505	-0.01324503	5.12711000
40.22199505	-0.01324503	5.12711000
40.26199505	-0.01324503	5.12711000
40.30199505	-0.01324503	9.55229400
40.34199505	-0.01324503	5.12711000
40.38199505	-0.01324503	5.12711000
40.42199505	-0.01324503	5.12711000
40.46199505	-0.01324503	5.12711000
40.50199505	-0.01324503	9.55229400
40.54199505	-0.01324503	5.12711000
40.58199505	-0.01324503	5.12711000
40.62199505	-0.01324503	5.12711000
40.66199505	-0.01324503	9.55229400
40.70199505	0.00427259	5.12711000
40.74199505	-0.01324503	9.55229400
40.78199505	-0.01324503	9.55229400
40.82199505	-0.01324503	5.12711000
40.86199505	-0.01324503	9.55229400
40.90199505	-0.01324503	5.12711000
40.94199505	-0.01324503	9.55229400
40.98199505	-0.01324503	5.12711000
41.02199505	-0.01324503	5.12711000
41.06199505	-0.01324503	5.12711000
41.10199504	-0.01324503	5.12711000
41.14199504	-0.01324503	5.12711000
41.18199504	-0.01324503	9.55229400
41.22199504	-0.01324503	5.12711000
41.26199504	-0.01324503	5.12711000
41.30199504	0.00427259	5.12711000
41.34199504	-0.01324503	5.12711000
41.38199504	-0.01324503	5.12711000
41.42199504	0.00427259	5.12711000
41.46199504	-0.01324503	5.12711000
41.50199504	-0.01324503	5.12711000
41.54199504	-0.01324503	5.12711000
41.58199504	-0.01324503	5.12711000
41.62199504	-0.01324503	5.12711000
41.66199504	-0.01324503	5.12711000
41.70199504	0.00427259	5.12711000
41.74199504	-0.01324503	5.12711000
41.78199504	-0.01324503	5.12711000
41.82199504	-0.01324503	5.12711000
41.86199504	0.00427259	0.68666640
41.90199504	0.00427259	5.12711000
41.94199504	-0.01324503	0.68666640
41.98199504	-0.01324503	5.12711000
42.02199504	-0.01324503	0.68666640
42.06199504	-0.01324503	9.55229400
42.10199504	-0.01324503	5.12711000
42.14199504	-0.01324503	5.12711000
42.18199504	-0.01324503	5.12711000
42.22199504	-0.01324503	5.12711000
42.26199504	-0.01324503	5.12711000
42.30199504	-0.01324503	0.68666640
42.34199504	-0.01324503	5.12711000
42.38199504	-0.08337657	-43.68724000
42.42199504	-0.06579791	-17.05985000
42.46199504	-0.04828028	5.12711000
42.50199504	-0.08337657	0.68666640
42.54199504	-0.03076266	0.68666640
42.58199504	-0.03076266	9.55229400
42.62199504	0.00427259	5.12711000
42.66199504	-0.01324503	0.68666640
42.70199504	-0.01324503	5.12711000
42.74199503	-0.01324503	5.12711000
42.78199503	-0.01324503	5.12711000
42.82199503	-0.01324503	0.68666640
42.86199503	-0.01324503	5.12711000
42.90199503	-0.01324503	5.12711000
42.94199503	-0.01324503	0.68666640
42.98199503	0.00427259	5.12711000
43.02199503	-0.01324503	0.68666640
43.06199503	-0.01324503	0.68666640
43.10199503	0.00427259	5.12711000
43.14199503	-0.01324503	0.68666640
43.18199503	0.00427259	5.12711000
43.22199503	-0.01324503	0.68666640
43.26199503	-0.01324503	5.12711000
43.30199503	-0.01324503	5.12711000
43.34199503	-0.01324503	5.12711000
43.38199503	-0.01324503	0.68666640
43.42199503	0.00427259	0.68666640
43.46199503	-0.01324503	5.12711000
43.50199503	0.00427259	5.12711000
43.54199503	-0.01324503	5.12711000
43.58199503	-0.01324503	0.68666640
43.62199503	-0.01324503	5.12711000
43.66199503	-0.01324503	5.12711000
43.70199503	-0.01324503	5.12711000
43.74199503	-0.01324503	0.68666640
43.78199503	-0.01324503	0.68666640
43.82199503	-0.01324503	0.68666640
43.86199503	-0.01324503	5.12711000
43.90199503	-0.01324503	5.12711000
43.94199503	-0.01324503	5.12711000
43.98199503	-0.01324503	-3.75377700
44.02199503	-0.01324503	5.12711000
44.06199503	-0.01324503	0.68666640
44.10199503	-0.01324503	5.12711000
44.14199503	-0.01324503	0.68666640
44.18199503	-0.01324503	5.12711000
44.22199503	-0.01324503	0.68666640
44.26199503	-0.01324503	0.68666640
44.30199503	-0.01324503	5.12711000
44.34199503	-0.01324503	0.68666640
44.38199502	-0.01324503	0.68666640
44.42199502	0.00427259	0.68666640
44.46199502	-0.01324503	0.68666640
44.50199502	-0.01324503	0.68666640
44.54199502	-0.01324503	5.12711000
44.58199502	-0.01324503	0.68666640
44.62199502	-0.01324503	5.12711000
44.66199502	-0.01324503	0.68666640
44.70199502	-0.01324503	0.68666640
44.74199502	-0.01324503	0.68666640
44.78199502	-0.01324503	0.68666640
44.82199502	-0.01324503	0.68666640
44.86199502	-0.01324503	0.68666640
44.90199502	-0.01324503	0.68666640
44.94199502	-0.01324503	5.12711000
44.98199502	-0.01324503	0.68666640
45.02199502	-0.01324503	0.68666640
45.06199502	-0.01324503	5.12711000
45.10199502	-0.01324503	0.68666640
45.14199502	-0.01324503	5.12711000
45.18199502	-0.01324503	0.68666640
45.22199502	-0.01324503	0.68666640
45.26199502	-0.01324503	0.68666640
45.30199502	0.00427259	0.68666640
45.34199502	-0.01324503	0.68666640
45.38199502	-0.01324503	0.68666640
45.42199502	-0.01324503	0.68666640
45.46199502	0.00427259	0.68666640
45.50199502	-0.01324503	-3.75377700
45.54199502	0.00427259	0.68666640
45.58199502	-0.01324503	0.68666640
45.62199502	-0.01324503	0.68666640
45.66199502	-0.01324503	0.68666640
45.70199502	-0.01324503	0.68666640
45.74199502	-0.01324503	0.68666640
45.78199502	-0.01324503	0.68666640
45.82199502	-0.01324503	0.68666640
45.86199502	-0.01324503	0.68666640
45.90199502	-0.01324503	0.68666640
45.94199502	-0.01324503	0.68666640
45.98199502	-0.01324503	0.68666640
46.02199501	-0.01324503	5.12711000
46.06199501	-0.01324503	0.68666640
46.10199501	-0.01324503	-3.75377700
46.14199501	-0.01324503	0.68666640
46.18199501	-0.01324503	0.68666640
46.22199501	-0.01324503	0.68666640
46.26199501	-0.01324503	0.68666640
46.30199501	-0.01324503	-3.75377700
46.34199501	-0.01324503	0.68666640
46.38199501	-0.01324503	-3.75377700
46.42199501	-0.01324503	0.68666640
46.46199501	-0.01324503	-3.75377700
46.50199501	-0.01324503	-3.75377700
46.54199501	-0.01324503	-3.75377700
46.58199501	-0.01324503	-3.75377700
46.62199501	-0.01324503	0.68666640
46.66199501	-0.01324503	-3.75377700
46.70199501	-0.01324503	-3.75377700
46.74199501	-0.01324503	-3.75377700
46.78199501	-0.01324503	0.68666640
46.82199501	-0.01324503	-3.75377700
46.86199501	-0.01324503	-3.75377700
46.90199501	-0.01324503	0.68666640
46.94199501	0.02179022	0.68666640
46.98199501	-0.03076266	-8.19422000
47.02199501	-0.04828028	-12.61940000
47.06199501	0.00427259	-3.75377700
47.10199501	-0.01324503	5.12711000
47.14199501	-0.01324503	-3.75377700
47.18199501	-0.01324503	0.68666640
47.22199501	-0.01324503	-8.19422000
47.26199501	-0.01324503	-3.75377700
47.30199501	-0.01324503	-3.75377700
47.34199501	-0.01324503	0.68666640
47.38199501	-0.01324503	0.68666640
47.42199501	-0.01324503	-3.75377700
47.46199501	-0.01324503	-3.75377700
47.50199501	-0.01324503	-3.75377700
47.54199501	-0.01324503	-3.75377700
47.58199501	-0.01324503	-3.75377700
47.62199501	-0.01324503	-3.75377700
47.66199500	-0.01324503	-3.75377700
47.70199500	-0.01324503	-3.75377700
47.74199500	-0.01324503	-3.75377700
47.78199500	-0.01324503	-3.75377700
47.82199500	-0.01324503	-3.75377700
47.86199500	-0.01324503	-3.75377700
47.90199500	-0.01324503	-3.75377700
47.94199500	-0.01324503	-3.75377700
47.98199500	-0.01324503	-3.75377700
48.02199500	-0.01324503	-3.75377700
48.06199500	-0.01324503	-3.75377700
48.10199500	-0.01324503	-3.75377700
48.14199500	-0.01324503	0.68666640
48.18199500	-0.01324503	-8.19422000
48.22199500	-0.01324503	-3.75377700
48.26199500	-0.01324503	-3.75377700
48.30199500	-0.01324503	-3.75377700
48.34199500	-0.01324503	-8.19422000
48.38199500	-0.01324503	-3.75377700
48.42199500	-0.01324503	-3.75377700
48.46199500	-0.01324503	-3.75377700
48.50199500	-0.01324503	-3.75377700
48.54199500	0.00427259	-3.75377700
48.58199500	-0.01324503	-3.75377700
48.62199500	0.00427259	-3.75377700
48.66199500	0.00427259	0.68666640
48.70199500	0.00427259	-3.75377700
48.74199500	0.00427259	0.68666640
48.78199500	-0.01324503	-3.75377700
48.82199500	-0.01324503	0.68666640
48.86199500	-0.01324503	-3.75377700
48.90199500	-0.01324503	-3.75377700
48.94199500	-0.01324503	-3.75377700
48.98199500	0.00427259	-3.75377700
49.02199500	-0.01324503	-3.75377700
49.06199500	-0.01324503	-3.75377700
49.10199500	0.00427259	-3.75377700
49.14199500	-0.01324503	-3.75377700
49.18199500	-0.01324503	0.68666640
49.22199500	-0.01324503	-3.75377700
49.26199500	-0.01324503	-3.75377700
49.30199499	-0.01324503	-3.75377700
49.34199499	-0.01324503	-3.75377700
49.38199499	-0.01324503	-3.75377700
49.42199499	-0.01324503	-3.75377700
49.46199499	-0.01324503	-3.75377700
49.50199499	-0.01324503	-3.75377700
49.54199499	-0.01324503	-3.75377700
49.58199499	-0.01324503	-3.75377700
49.62199499	0.00427259	-3.75377700
49.66199499	-0.01324503	-3.75377700
49.70199499	0.00427259	-3.75377700
49.74199499	-0.01324503	-8.19422000
49.78199499	-0.01324503	-3.75377700
49.82199499	-0.01324503	-3.75377700
49.86199499	-0.01324503	-3.75377700
49.90199499	-0.01324503	-3.75377700
49.94199499	-0.01324503	-3.75377700
49.98199499	-0.01324503	-3.75377700
50.02199499	-0.01324503	-3.75377700
50.06199499	-0.01324503	-3.75377700
50.10199499	-0.01324503	-3.75377700
50.14199499	0.00427259	-3.75377700
50.18199499	-0.01324503	-3.75377700
50.22199499	-0.01324503	-3.75377700
50.26199499	-0.01324503	-3.75377700
50.30199499	0.00427259	-8.19422000
50.34199499	-0.01324503	0.68666640
50.38199499	-0.01324503	-3.75377700
50.42199499	-0.01324503	-3.75377700
50.46199499	-0.01324503	-3.75377700
50.50199499	-0.01324503	-3.75377700
50.54199499	-0.01324503	-3.75377700
50.58199499	0.00427259	-3.75377700
50.62199499	-0.01324503	-3.75377700
50.66199499	-0.01324503	-3.75377700
50.70199499	-0.01324503	-3.75377700
50.74199499	-0.01324503	-3.75377700
50.78199499	-0.01324503	-3.75377700
50.82199499	-0.01324503	-3.75377700
50.86199499	-0.01324503	-3.75377700
50.90199499	-0.01324503	-8.19422000
50.94199499	-0.01324503	-3.75377700
50.98199498	-0.01324503	-3.75377700
51.02199498	-0.01324503	-3.75377700
51.06199498	-0.01324503	-3.75377700
51.10199498	-0.01324503	-3.75377700
51.14199498	-0.01324503	-3.75377700
51.18199498	-0.01324503	-3.75377700
51.22199498	-0.01324503	-3.75377700
51.26199498	-0.01324503	-3.75377700
51.30199498	-0.01324503	-3.75377700
51.34199498	-0.01324503	-8.19422000
51.38199498	-0.01324503	-3.75377700
51.42199498	-0.01324503	-8.19422000
51.46199498	-0.01324503	-3.75377700
51.50199498	-0.01324503	-3.75377700
51.54199498	-0.01324503	-3.75377700
51.58199498	-0.01324503	-8.19422000
51.62199498	-0.01324503	-8.19422000
51.66199498	-0.01324503	-8.19422000
51.70199498	-0.01324503	0.68666640
51.74199498	-0.01324503	-8.19422000
51.78199498	-0.01324503	-3.75377700
51.82199498	-0.01324503	-8.19422000
51.86199498	-0.01324503	-3.75377700
51.90199498	-0.01324503	-3.75377700
51.94199498	-0.01324503	-3.75377700
51.98199498	-0.01324503	-8.19422000
52.02199498	-0.01324503	-3.75377700
52.06199498	-0.01324503	-8.19422000
52.10199498	-0.01324503	-3.75377700
52.14199498	-0.01324503	-3.75377700
52.18199498	-0.01324503	-3.75377700
52.22199498	-0.01324503	-3.75377700
52.26199498	-0.01324503	-8.19422000
52.30199498	-0.01324503	-3.75377700
52.34199498	-0.01324503	-3.75377700
52.38199498	-0.01324503	-3.75377700
52.42199498	-0.01324503	-8.19422000
52.46199498	-0.01324503	-8.19422000
52.50199498	-0.01324503	-3.75377700
52.54199498	-0.01324503	-8.19422000
52.58199498	-0.01324503	-3.75377700
52.62199497	-0.01324503	-3.75377700
52.66199497	0.00427259	-3.75377700
52.70199497	-0.01324503	-8.19422000
52.74199497	-0.01324503	-3.75377700
52.78199497	-0.01324503	-8.19422000
52.82199497	-0.01324503	-8.19422000
52.86199497	0.00427259	-8.19422000
52.90199497	-0.01324503	-8.19422000
52.94199497	-0.01324503	-3.75377700
52.98199497	-0.01324503	-3.75377700
53.02199497	-0.01324503	-8.19422000
53.06199497	-0.01324503	-8.19422000
53.10199497	-0.01324503	-8.19422000
53.14199497	-0.01324503	-8.19422000
53.18199497	0.00427259	-8.19422000
53.22199497	0.00427259	-3.75377700
53.26199497	-0.01324503	-8.19422000
53.30199497	-0.01324503	-3.75377700
53.34199497	-0.01324503	-8.19422000
53.38199497	-0.01324503	-3.75377700
53.42199497	-0.01324503	-3.75377700
53.46199497	-0.01324503	-8.19422000
53.50199497	-0.01324503	-3.75377700
53.54199497	-0.01324503	-8.19422000
53.58199497	-0.01324503	-3.75377700
53.62199497	-0.01324503	-8.19422000
53.66199497	-0.01324503	-8.19422000
53.70199497	0.00427259	-8.19422000
53.74199497	-0.01324503	-3.75377700
53.78199497	-0.01324503	-8.19422000
53.82199497	0.00427259	-3.75377700
53.86199497	-0.01324503	-8.19422000
53.90199497	-0.01324503	-3.75377700
53.94199497	-0.01324503	-8.19422000
53.98199497	-0.01324503	-8.19422000
54.02199497	-0.01324503	-3.75377700
54.06199497	-0.01324503	-8.19422000
54.10199497	0.00427259	-8.19422000
54.14199497	-0.01324503	-8.19422000
54.18199497	-0.01324503	-3.75377700
54.22199497	-0.01324503	-8.19422000
54.26199496	-0.01324503	-8.19422000
54.30199496	-0.01324503	-3.75377700
54.34199496	-0.01324503	-8.19422000
54.38199496	-0.01324503	-3.75377700
54.42199496	-0.01324503	-3.75377700
54.46199496	-0.01324503	-3.75377700
54.50199496	-0.01324503	-8.19422000
54.54199496	-0.01324503	-8.19422000
54.58199496	-0.01324503	-8.19422000
54.62199496	-0.01324503	-8.19422000
54.66199496	-0.01324503	-8.19422000
54.70199496	-0.01324503	-3.75377700
54.74199496	-0.01324503	-8.19422000
54.78199496	-0.01324503	-8.19422000
54.82199496	-0.01324503	-8.19422000
54.86199496	0.00427259	-8.19422000
54.90199496	-0.01324503	-8.19422000
54.94199496	-0.01324503	-8.19422000
54.98199496	-0.01324503	-8.19422000
55.02199496	-0.01324503	-8.19422000
55.06199496	-0.01324503	-3.75377700
55.10199496	-0.01324503	-12.61940000
55.14199496	-0.01324503	-8.19422000
55.18199496	-0.01324503	-8.19422000
55.22199496	-0.01324503	-8.19422000
55.26199496	-0.01324503	-8.19422000
55.30199496	-0.01324503	-8.19422000
55.34199496	-0.01324503	-8.19422000
55.38199496	-0.01324503	-8.19422000
55.42199496	-0.01324503	-8.19422000
55.46199496	-0.01324503	-8.19422000
55.50199496	-0.01324503	-3.75377700
55.54199496	-0.01324503	-8.19422000
55.58199496	-0.01324503	-12.61940000
55.62199496	-0.01324503	-8.19422000
55.66199496	-0.01324503	-8.19422000
55.70199496	-0.01324503	-8.19422000
55.74199496	-0.01324503	-8.19422000
55.78199496	0.00427259	-8.19422000
55.82199496	0.00427259	-8.19422000
55.86199496	-0.01324503	-8.19422000
55.90199495	-0.01324503	-8.19422000
55.94199495	-0.01324503	-8.19422000
55.98199495	-0.01324503	-8.19422000
56.02199495	-0.01324503	-8.19422000
56.06199495	-0.01324503	-8.19422000
56.10199495	-0.01324503	-8.19422000
56.14199495	-0.01324503	-8.19422000
56.18199495	-0.01324503	-8.19422000
56.22199495	-0.01324503	-8.19422000
56.26199495	-0.01324503	-8.19422000
56.30199495	-0.01324503	-12.61940000
56.34199495	-0.01324503	-8.19422000
56.38199495	-0.01324503	-8.19422000
56.42199495	-0.01324503	-8.19422000
56.46199495	-0.01324503	-8.19422000
56.50199495	-0.01324503	-8.19422000
56.54199495	-0.01324503	-8.19422000
56.58199495	-0.01324503	-8.19422000
56.62199495	-0.01324503	-12.61940000
56.66199495	-0.01324503	-8.19422000
56.70199495	-0.01324503	-8.19422000
56.74199495	-0.01324503	-8.19422000
56.78199495	-0.01324503	-8.19422000
56.82199495	-0.01324503	-8.19422000
56.86199495	-0.01324503	-8.19422000
56.90199495	-0.01324503	-8.19422000
56.94199495	0.00427259	-12.61940000
56.98199495	-0.01324503	-8.19422000
57.02199495	-0.01324503	-8.19422000
57.06199495	-0.01324503	-8.19422000
57.10199495	-0.01324503	-8.19422000
57.14199495	-0.01324503	-8.19422000
57.18199495	-0.01324503	-8.19422000
57.22199495	-0.01324503	-12.61940000
57.26199495	-0.01324503	-8.19422000
57.30199495	-0.01324503	-8.19422000
57.34199495	-0.01324503	-8.19422000
57.38199495	-0.01324503	-8.19422000
57.42199495	-0.01324503	-8.19422000
57.46199495	-0.01324503	-8.19422000
57.50199495	-0.01324503	-8.19422000
57.54199494	-0.01324503	-8.19422000
57.58199494	0.02179022	5.12711000
57.62199494	0.00427259	27.29881000
57.66199494	0.07434309	-8.19422000
57.70199494	0.05682547	-3.75377700
57.74199494	0.03930784	0.68666640
57.78199494	0.00427259	-12.61940000
57.82199494	-0.01324503	-12.61940000
57.86199494	0.00427259	-8.19422000
57.90199494	0.00427259	-12.61940000
57.94199494	-0.01324503	-21.50029000
57.98199494	0.00427259	-12.61940000
58.02199494	0.00427259	-8.19422000
58.06199494	-0.01324503	-12.61940000
58.10199494	-0.01324503	-8.19422000
58.14199494	0.00427259	-8.19422000
58.18199494	0.00427259	-12.61940000
58.22199494	-0.01324503	-3.75377700
58.26199494	-0.01324503	-8.19422000
58.30199494	-0.01324503	-8.19422000
58.34199494	-0.01324503	-8.19422000
58.38199494	-0.01324503	-8.19422000
58.42199494	-0.01324503	-8.19422000
58.46199494	-0.01324503	-8.19422000
58.50199494	-0.01324503	-8.19422000
58.54199494	-0.01324503	-12.61940000
58.58199494	-0.01324503	-8.19422000
58.62199494	0.00427259	-8.19422000
58.66199494	-0.01324503	-8.19422000
58.70199494	-0.01324503	-12.61940000
58.74199494	-0.01324503	-12.61940000
58.78199494	-0.01324503	-12.61940000
58.82199494	-0.01324503	-12.61940000
58.86199494	-0.01324503	-12.61940000
58.90199494	-0.01324503	-8.19422000
58.94199494	-0.01324503	-12.61940000
58.98199494	-0.01324503	-12.61940000
59.02199494	-0.01324503	-12.61940000
59.06199494	-0.01324503	-8.19422000
59.10199494	-0.01324503	-12.61940000
59.14199494	-0.01324503	-12.61940000
59.18199493	-0.01324503	-12.61940000
59.22199493	-0.01324503	-12.61940000
59.26199493	-0.01324503	-12.61940000
59.30199493	0.00427259	-12.61940000
59.34199493	-0.01324503	-12.61940000
59.38199493	-0.01324503	-12.61940000
59.42199493	-0.01324503	-12.61940000
59.46199493	-0.01324503	-12.61940000
59.50199493	-0.01324503	-12.61940000
59.54199493	-0.01324503	-12.61940000
59.58199493	-0.01324503	-8.19422000
59.62199493	-0.01324503	-12.61940000
59.66199493	-0.01324503	-12.61940000
59.70199493	-0.01324503	-8.19422000
59.74199493	-0.01324503	-8.19422000
59.78199493	-0.01324503	-17.05985000
59.82199493	-0.01324503	-8.19422000
59.86199493	-0.01324503	-12.61940000
59.90199493	-0.01324503	-12.61940000
59.94199493	-0.01324503	-12.61940000
59.98199493	-0.01324503	-8.19422000
60.02199493	-0.01324503	-8.19422000
60.06199493	-0.01324503	-12.61940000
60.10199493	-0.01324503	-12.61940000
60.14199493	-0.01324503	-12.61940000
60.18199493	-0.01324503	-12.61940000
60.22199493	-0.01324503	-12.61940000
60.26199493	-0.01324503	-12.61940000
60.30199493	-0.01324503	-12.61940000
60.34199493	-0.01324503	-8.19422000
60.38199493	-0.01324503	-12.61940000
60.42199493	-0.01324503	-12.61940000
60.46199493	-0.01324503	-12.61940000
60.50199493	-0.01324503	-12.61940000
60.54199493	-0.01324503	-12.61940000
60.58199493	-0.01324503	-12.61940000
60.62199493	-0.01324503	-12.61940000
60.66199493	0.00427259	-12.61940000
60.70199493	-0.01324503	-12.61940000
60.74199493	-0.01324503	-12.61940000
60.78199493	-0.01324503	-8.19422000
60.82199492	-0.01324503	-12.61940000
60.86199492	-0.01324503	-12.61940000
60.90199492	-0.01324503	-17.05985000
60.94199492	-0.01324503	-8.19422000
60.98199492	0.00427259	-12.61940000
61.02199492	0.00427259	-8.19422000
61.06199492	-0.01324503	-12.61940000
61.10199492	-0.01324503	-12.61940000
61.14199492	-0.01324503	-8.19422000
61.18199492	-0.01324503	-12.61940000
61.22199492	-0.01324503	-12.61940000
61.26199492	0.00427259	-8.19422000
61.30199492	-0.01324503	-8.19422000
61.34199492	-0.01324503	-12.61940000
61.38199492	-0.01324503	-8.19422000
61.42199492	-0.01324503	-8.19422000
61.46199492	-0.01324503	-12.61940000
61.50199492	-0.01324503	-12.61940000
61.54199492	-0.01324503	-8.19422000
61.58199492	-0.01324503	-12.61940000
61.62199492	-0.01324503	-12.61940000
61.66199492	-0.01324503	-8.19422000
61.70199492	-0.01324503	-8.19422000
61.74199492	-0.01324503	-12.61940000
61.78199492	-0.01324503	-8.19422000
61.82199492	-0.01324503	-8.19422000
61.86199492	-0.01324503	-8.19422000
61.90199492	-0.01324503	-12.61940000
61.94199492	0.00427259	-8.19422000
61.98199492	-0.01324503	-8.19422000
62.02199492	-0.01324503	-12.61940000
62.06199492	-0.01324503	-12.61940000
62.10199492	-0.01324503	-17.05985000
62.14199492	-0.01324503	-17.05985000
62.18199492	-0.03076266	-25.94073000
62.22199492	-0.01324503	-8.19422000
62.26199492	-0.03076266	-12.61940000
62.30199492	-0.03076266	-3.75377700
62.34199492	-0.01324503	-12.61940000
62.38199492	-0.01324503	-17.05985000
62.42199492	-0.01324503	-8.19422000
62.46199491	-0.01324503	-12.61940000
62.50199491	-0.01324503	-8.19422000
62.54199491	-0.01324503	-8.19422000
62.58199491	-0.01324503	-12.61940000
62.62199491	-0.01324503	-12.61940000
62.66199491	-0.01324503	-12.61940000
62.70199491	-0.01324503	-12.61940000
62.74199491	-0.01324503	-12.61940000
62.78199491	-0.01324503	-12.61940000
62.82199491	-0.01324503	-12.61940000
62.86199491	-0.01324503	-12.61940000
62.90199491	-0.01324503	-12.61940000
62.94199491	-0.01324503	-12.61940000
62.98199491	-0.01324503	-8.19422000
63.02199491	-0.01324503	-12.61940000
63.06199491	-0.01324503	-12.61940000
63.10199491	-0.01324503	-12.61940000
63.14199491	-0.01324503	-12.61940000
63.18199491	-0.01324503	-12.61940000
63.22199491	-0.01324503	-12.61940000
63.26199491	-0.01324503	-12.61940000
63.30199491	0.00427259	-12.61940000
63.34199491	-0.01324503	-12.61940000
63.38199491	-0.01324503	-12.61940000
63.42199491	-0.01324503	-12.61940000
63.46199491	-0.01324503	-17.05985000
63.50199491	-0.01324503	-8.19422000
63.54199491	-0.01324503	-12.61940000
63.58199491	-0.01324503	-12.61940000
63.62199491	-0.01324503	-12.61940000
63.66199491	-0.01324503	-12.61940000
63.70199491	-0.01324503	-12.61940000
63.74199491	-0.01324503	-12.61940000
63.78199491	-0.01324503	-12.61940000
63.82199491	-0.01324503	-12.61940000
63.86199491	0.00427259	-12.61940000
63.90199491	-0.01324503	-12.61940000
63.94199491	-0.01324503	-12.61940000
63.98199491	-0.01324503	-17.05985000
64.02199491	-0.01324503	-12.61940000
64.06199491	-0.01324503	-12.61940000
64.10199491	-0.01324503	-12.61940000
64.14199490	-0.01324503	-12.61940000
64.18199490	-0.01324503	-12.61940000
64.22199490	-0.01324503	-12.61940000
64.26199490	-0.01324503	-12.61940000
64.30199490	-0.01324503	-12.61940000
64.34199490	-0.01324503	-12.61940000
64.38199490	0.00427259	-12.61940000
64.42199490	-0.01324503	-12.61940000
64.46199490	-0.01324503	-12.61940000
64.50199490	-0.01324503	-12.61940000
64.54199490	-0.01324503	-8.19422000
64.58199490	-0.01324503	-12.61940000
64.62199490	-0.01324503	-12.61940000
64.66199490	-0.01324503	-12.61940000
64.70199490	-0.01324503	-12.61940000
64.74199490	-0.01324503	-12.61940000
64.78199490	-0.01324503	-12.61940000
64.82199490	-0.01324503	-12.61940000
64.86199490	-0.01324503	-8.19422000
64.90199490	-0.01324503	-12.61940000
64.94199490	-0.01324503	-12.61940000
64.98199490	-0.01324503	-8.19422000
65.02199490	-0.01324503	-12.61940000
65.06199490	0.00427259	-12.61940000
65.10199490	-0.01324503	-12.61940000
65.14199490	-0.01324503	-12.61940000
65.18199490	-0.01324503	-12.61940000
65.22199490	-0.01324503	-12.61940000
65.26199490	-0.01324503	-12.61940000
65.30199490	-0.01324503	-12.61940000
65.34199490	-0.01324503	-12.61940000
65.38199490	-0.01324503	-12.61940000
65.42199490	-0.01324503	-12.61940000
65.46199490	-0.01324503	-12.61940000
65.50199490	-0.01324503	-12.61940000
65.54199490	-0.01324503	-12.61940000
65.58199490	-0.01324503	-12.61940000
65.62199490	-0.01324503	-12.61940000
65.66199490	-0.01324503	-12.61940000
65.70199490	-0.01324503	-12.61940000
65.74199490	-0.01324503	-12.61940000
65.78199489	-0.01324503	-12.61940000
65.82199489	-0.01324503	-12.61940000
65.86199489	-0.01324503	-12.61940000
65.90199489	-0.01324503	-12.61940000
65.94199489	-0.01324503	-12.61940000
65.98199489	-0.01324503	-12.61940000
66.02199489	-0.01324503	-12.61940000
66.06199489	0.00427259	-12.61940000
66.10199489	-0.01324503	-17.05985000
66.14199489	-0.01324503	-8.19422000
66.18199489	-0.01324503	-12.61940000
66.22199489	0.00427259	-12.61940000
66.26199489	-0.01324503	-12.61940000
66.30199489	-0.01324503	-12.61940000
66.34199489	-0.01324503	-12.61940000
66.38199489	-0.01324503	-12.61940000
66.42199489	-0.01324503	-12.61940000
66.46199489	-0.01324503	-12.61940000
66.50199489	-0.01324503	-8.19422000
66.54199489	-0.01324503	-17.05985000
66.58199489	-0.01324503	-8.19422000
66.62199489	-0.01324503	-21.50029000
66.66199489	-0.01324503	-8.19422000
66.70199489	-0.01324503	-12.61940000
66.74199489	-0.01324503	-12.61940000
66.78199489	-0.01324503	-12.61940000
66.82199489	-0.01324503	-12.61940000
66.86199489	-0.01324503	-12.61940000
66.90199489	-0.01324503	-8.19422000
66.94199489	-0.01324503	-12.61940000
66.98199489	-0.01324503	-12.61940000
67.02199489	-0.01324503	-12.61940000
67.06199489	-0.01324503	-12.61940000
67.10199489	-0.01324503	-12.61940000
67.14199489	-0.01324503	-12.61940000
67.18199489	-0.01324503	-8.19422000
67.22199489	-0.01324503	-12.61940000
67.26199489	-0.01324503	-12.61940000
67.30199489	-0.01324503	-12.61940000
67.34199489	-0.01324503	-12.61940000
67.38199489	-0.01324503	-12.61940000
67.42199488	-0.01324503	-12.61940000
67.46199488	-0.01324503	-12.61940000
67.50199488	-0.01324503	-12.61940000
67.54199488	-0.01324503	-12.61940000
67.58199488	-0.01324503	-12.61940000
67.62199488	-0.01324503	-12.61940000
67.66199488	-0.01324503	-12.61940000
67.70199488	0.00427259	-8.19422000
67.74199488	-0.01324503	-12.61940000
67.78199488	-0.01324503	-12.61940000
67.82199488	-0.01324503	-12.61940000
67.86199488	-0.01324503	-12.61940000
67.90199488	-0.01324503	-12.61940000
67.94199488	-0.01324503	-12.61940000
67.98199488	-0.01324503	-12.61940000
68.02199488	-0.01324503	-12.61940000
68.06199488	-0.01324503	-12.61940000
68.10199488	-0.01324503	-12.61940000
68.14199488	-0.01324503	-12.61940000
68.18199488	-0.01324503	-12.61940000
68.22199488	-0.01324503	-17.05985000
68.26199488	-0.01324503	-12.61940000
68.30199488	-0.01324503	-12.61940000
68.34199488	0.00427259	-12.61940000
68.38199488	-0.01324503	-12.61940000
68.42199488	-0.01324503	-12.61940000
68.46199488	-0.01324503	-12.61940000
68.50199488	-0.01324503	-12.61940000
68.54199488	-0.01324503	-12.61940000
68.58199488	-0.01324503	-12.61940000
68.62199488	-0.01324503	-12.61940000
68.66199488	-0.01324503	-12.61940000
68.70199488	-0.01324503	-17.05985000
68.74199488	-0.01324503	-8.19422000
68.78199488	-0.01324503	-12.61940000
68.82199488	-0.01324503	-12.61940000
68.86199488	-0.01324503	-12.61940000
68.90199488	-0.01324503	-12.61940000
68.94199488	-0.01324503	-12.61940000
68.98199488	0.00427259	-12.61940000
69.02199488	-0.01324503	-12.61940000
69.06199487	-0.01324503	-12.61940000
69.10199487	-0.01324503	-17.05985000
69.14199487	-0.01324503	-12.61940000
69.18199487	-0.01324503	-12.61940000
69.22199487	-0.01324503	-12.61940000
69.26199487	0.00427259	-17.05985000
69.30199487	0.00427259	-8.19422000
69.34199487	-0.01324503	-12.61940000
69.38199487	-0.01324503	-12.61940000
69.42199487	-0.01324503	-12.61940000
69.46199487	-0.01324503	-12.61940000
69.50199487	-0.01324503	-12.61940000
69.54199487	-0.01324503	-12.61940000
69.58199487	-0.01324503	-12.61940000
69.62199487	-0.01324503	-12.61940000
69.66199487	-0.01324503	-12.61940000
69.70199487	-0.01324503	-17.05985000
69.74199487	-0.01324503	-12.61940000
69.78199487	-0.01324503	-12.61940000
69.82199487	-0.01324503	-12.61940000
69.86199487	-0.01324503	-17.05985000
69.90199487	-0.01324503	-12.61940000
69.94199487	-0.01324503	-12.61940000
69.98199487	-0.01324503	-12.61940000
70.02199487	-0.01324503	-12.61940000
70.06199487	-0.01324503	-12.61940000
70.10199487	-0.01324503	-12.61940000
70.14199487	-0.01324503	-12.61940000
70.18199487	-0.01324503	-12.61940000
70.22199487	-0.01324503	-12.61940000
70.26199487	-0.01324503	-12.61940000
70.30199487	-0.01324503	-17.05985000
70.34199487	-0.01324503	-12.61940000
70.38199487	-0.01324503	-12.61940000
70.42199487	-0.01324503	-12.61940000
70.46199487	-0.01324503	-17.05985000
70.50199487	-0.01324503	-8.19422000
70.54199487	-0.01324503	-17.05985000
70.58199487	-0.01324503	-12.61940000
70.62199487	-0.01324503	-12.61940000
70.66199487	-0.01324503	-12.61940000
70.70199486	-0.01324503	-12.61940000
70.74199486	-0.01324503	-12.61940000
70.78199486	-0.01324503	-12.61940000
70.82199486	-0.01324503	-17.05985000
70.86199486	-0.01324503	-12.61940000
70.90199486	-0.01324503	-17.05985000
70.94199486	-0.01324503	-12.61940000
70.98199486	-0.01324503	-12.61940000
71.02199486	-0.01324503	-12.61940000
71.06199486	-0.01324503	-17.05985000
71.10199486	-0.01324503	-12.61940000
71.14199486	-0.01324503	-17.05985000
71.18199486	-0.01324503	-12.61940000
71.22199486	-0.01324503	-17.05985000
71.26199486	-0.01324503	-12.61940000
71.30199486	-0.01324503	-12.61940000
71.34199486	-0.01324503	-17.05985000
71.38199486	-0.01324503	-17.05985000
71.42199486	-0.01324503	-17.05985000
71.46199486	-0.01324503	-12.61940000
71.50199486	-0.01324503	-17.05985000
71.54199486	-0.01324503	-17.05985000
71.58199486	-0.01324503	-17.05985000
71.62199486	-0.01324503	-12.61940000
71.66199486	-0.01324503	-17.05985000
71.70199486	-0.01324503	-12.61940000
71.74199486	-0.01324503	-17.05985000
71.78199486	-0.01324503	-12.61940000
71.82199486	-0.01324503	-17.05985000
71.86199486	-0.01324503	-17.05985000
71.90199486	0.00427259	-12.61940000
71.94199486	-0.01324503	-12.61940000
71.98199486	-0.01324503	-12.61940000
72.02199486	-0.01324503	-12.61940000
72.06199486	-0.01324503	-17.05985000
72.10199486	-0.01324503	-17.05985000
72.14199486	-0.01324503	-12.61940000
72.18199486	-0.01324503	-12.61940000
72.22199486	-0.01324503	-17.05985000
72.26199486	-0.01324503	-12.61940000
72.30199486	-0.01324503	-17.05985000
72.34199485	-0.01324503	-12.61940000
72.38199485	-0.01324503	-12.61940000
72.42199485	-0.01324503	-17.05985000
72.46199485	-0.01324503	-12.61940000
72.50199485	-0.01324503	-17.05985000
72.54199485	-0.01324503	-17.05985000
72.58199485	-0.01324503	-12.61940000
72.62199485	-0.01324503	-12.61940000
72.66199485	-0.01324503	-17.05985000
72.70199485	-0.01324503	-17.05985000
72.74199485	-0.01324503	-12.61940000
72.78199485	-0.01324503	-12.61940000
72.82199485	-0.03076266	-34.80636000
72.86199485	-0.06579791	-30.36592000
72.90199485	0.00427259	-12.61940000
72.94199485	-0.03076266	-30.36592000
72.98199485	-0.03076266	-12.61940000
73.02199485	-0.03076266	-8.19422000
73.06199485	-0.01324503	-12.61940000
73.10199485	-0.01324503	-12.61940000
73.14199485	-0.01324503	-8.19422000
73.18199485	-0.01324503	-17.05985000
73.22199485	-0.01324503	-17.05985000
73.26199485	-0.01324503	-12.61940000
73.30199485	0.00427259	-12.61940000
73.34199485	-0.01324503	-12.61940000
73.38199485	-0.01324503	-12.61940000
73.42199485	-0.01324503	-12.61940000
73.46199485	-0.01324503	-17.05985000
73.50199485	-0.01324503	-12.61940000
73.54199485	-0.01324503	-17.05985000
73.58199485	-0.01324503	-12.61940000
73.62199485	-0.01324503	-17.05985000
73.66199485	0.00427259	-12.61940000
73.70199485	-0.01324503	-12.61940000
73.74199485	-0.01324503	-12.61940000
73.78199485	-0.01324503	-12.61940000
73.82199485	-0.01324503	-12.61940000
73.86199485	-0.01324503	-12.61940000
73.90199485	0.00427259	-12.61940000
73.94199485	-0.01324503	-17.05985000
73.98199484	-0.01324503	-12.61940000
74.02199484	-0.01324503	-12.61940000
74.06199484	-0.01324503	-17.05985000
74.10199484	-0.01324503	-12.61940000
74.14199484	0.00427259	-17.05985000
74.18199484	-0.01324503	-12.61940000
74.22199484	-0.01324503	-12.61940000
74.26199484	-0.01324503	-12.61940000
74.30199484	-0.01324503	-12.61940000
74.34199484	-0.01324503	-12.61940000
74.38199484	-0.01324503	-12.61940000
74.42199484	-0.01324503	-12.61940000
74.46199484	-0.01324503	-12.61940000
74.50199484	-0.01324503	-12.61940000
74.54199484	-0.01324503	-12.61940000
74.58199484	-0.01324503	-12.61940000
74.62199484	-0.01324503	-12.61940000
74.66199484	0.00427259	-17.05985000
74.70199484	-0.01324503	-17.05985000
74.74199484	-0.01324503	-12.61940000
74.78199484	-0.01324503	-17.05985000
74.82199484	-0.01324503	-12.61940000
74.86199484	-0.01324503	-12.61940000
74.90199484	-0.01324503	-12.61940000
74.94199484	-0.01324503	-12.61940000
74.98199484	-0.01324503	-12.61940000
75.02199484	-0.01324503	-17.05985000
75.06199484	-0.01324503	-12.61940000
75.10199484	-0.01324503	-12.61940000
75.14199484	-0.01324503	-12.61940000
75.18199484	-0.01324503	-12.61940000
75.22199484	-0.01324503	-12.61940000
75.26199484	-0.01324503	-12.61940000
75.30199484	-0.01324503	-12.61940000
75.34199484	-0.01324503	-17.05985000
75.38199484	-0.01324503	-12.61940000
75.42199484	-0.01324503	-12.61940000
75.46199484	0.00427259	-12.61940000
75.50199484	-0.01324503	-12.61940000
75.54199484	-0.01324503	-17.05985000
75.58199484	-0.01324503	-21.50029000
75.62199484	-0.01324503	-12.61940000
75.66199483	-0.01324503	-12.61940000
75.70199483	-0.01324503	-12.61940000
75.74199483	-0.01324503	-12.61940000
75.78199483	-0.01324503	-17.05985000
75.82199483	-0.01324503	-12.61940000
75.86199483	-0.01324503	-17.05985000
75.90199483	-0.01324503	-12.61940000
75.94199483	-0.01324503	-12.61940000
75.98199483	-0.01324503	-12.61940000
76.02199483	-0.01324503	-17.05985000
76.06199483	0.00427259	-12.61940000
76.10199483	0.00427259	-17.05985000
76.14199483	-0.01324503	-12.61940000
76.18199483	-0.01324503	-12.61940000
76.22199483	-0.01324503	-17.05985000
76.26199483	-0.01324503	-12.61940000
76.30199483	-0.01324503	-12.61940000
76.34199483	-0.01324503	-12.61940000
76.38199483	-0.01324503	-17.05985000
76.42199483	-0.01324503	-12.61940000
76.46199483	-0.01324503	-12.61940000
76.50199483	-0.01324503	-12.61940000
76.54199483	-0.01324503	-12.61940000
76.58199483	-0.01324503	-17.05985000
76.62199483	-0.01324503	-17.05985000
76.66199483	-0.01324503	-12.61940000
76.70199483	-0.01324503	-17.05985000
76.74199483	-0.01324503	-12.61940000
76.78199483	-0.01324503	-17.05985000
76.82199483	0.00427259	-12.61940000
76.86199483	-0.01324503	-12.61940000
76.90199483	-0.01324503	-17.05985000
76.94199483	-0.01324503	-12.61940000
76.98199483	-0.01324503	-12.61940000
77.02199483	-0.01324503	-12.61940000
77.06199483	-0.01324503	-12.61940000
77.10199483	-0.01324503	-12.61940000
77.14199483	-0.01324503	-12.61940000
77.18199483	-0.01324503	-12.61940000
77.22199483	-0.01324503	-17.05985000
77.26199483	-0.01324503	-12.61940000
77.30199482	-0.01324503	-12.61940000
77.34199482	-0.01324503	-17.05985000
77.38199482	-0.01324503	-12.61940000
77.42199482	-0.01324503	-8.19422000
77.46199482	-0.01324503	-25.94073000
77.50199482	-0.03076266	-8.19422000
77.54199482	0.00427259	-8.19422000
77.58199482	0.00427259	-17.05985000
77.62199482	-0.01324503	-17.05985000
77.66199482	-0.01324503	-12.61940000
77.70199482	-0.01324503	-12.61940000
77.74199482	-0.01324503	-8.19422000
77.78199482	-0.01324503	-8.19422000
77.82199482	-0.01324503	-17.05985000
77.86199482	-0.01324503	-12.61940000
77.90199482	-0.01324503	-12.61940000
77.94199482	-0.01324503	-12.61940000
77.98199482	-0.01324503	-12.61940000
78.02199482	0.00427259	-12.61940000
78.06199482	-0.01324503	-17.05985000
78.10199482	-0.01324503	-12.61940000
78.14199482	-0.01324503	-17.05985000
78.18199482	0.00427259	-17.05985000
78.22199482	-0.01324503	-12.61940000
78.26199482	-0.01324503	-12.61940000
78.30199482	-0.01324503	-12.61940000
78.34199482	-0.01324503	-17.05985000
78.38199482	-0.01324503	-12.61940000
78.42199482	-0.01324503	-12.61940000
78.46199482	-0.01324503	-17.05985000
78.50199482	-0.01324503	-12.61940000
78.54199482	-0.01324503	-17.05985000
78.58199482	0.00427259	-12.61940000
78.62199482	-0.01324503	-12.61940000
78.66199482	-0.01324503	-12.61940000
78.70199482	-0.01324503	-12.61940000
78.74199482	0.00427259	-17.05985000
78.78199482	-0.01324503	-12.61940000
78.82199482	-0.01324503	-12.61940000
78.86199482	-0.01324503	-12.61940000
78.90199482	-0.01324503	-12.61940000
78.94199481	-0.01324503	-12.61940000
78.98199481	-0.01324503	-12.61940000
79.02199481	-0.01324503	-12.61940000
79.06199481	-0.01324503	-17.05985000
79.10199481	-0.01324503	-17.05985000
79.14199481	-0.01324503	-17.05985000
79.18199481	-0.01324503	-12.61940000
79.22199481	-0.01324503	-12.61940000
79.26199481	-0.01324503	-12.61940000
79.30199481	-0.01324503	-12.61940000
79.34199481	-0.01324503	-12.61940000
79.38199481	-0.01324503	-12.61940000
79.42199481	-0.01324503	-12.61940000
79.46199481	-0.01324503	-12.61940000
79.50199481	-0.01324503	-12.61940000
79.54199481	0.00427259	-12.61940000
79.58199481	-0.01324503	-17.05985000
79.62199481	-0.01324503	-12.61940000
79.66199481	-0.01324503	-12.61940000
79.70199481	-0.01324503	-12.61940000
79.74199481	-0.01324503	-12.61940000
79.78199481	-0.01324503	-17.05985000
79.82199481	-0.01324503	-12.61940000
79.86199481	-0.01324503	-12.61940000
79.90199481	-0.01324503	-12.61940000
79.94199481	-0.01324503	-17.05985000
79.98199481	-0.01324503	-12.61940000
80.02199481	-0.01324503	-12.61940000
80.06199481	-0.01324503	-12.61940000
80.10199481	-0.01324503	-12.61940000
80.14199481	-0.01324503	-12.61940000
80.18199481	-0.01324503	-12.61940000
80.22199481	-0.01324503	-12.61940000
80.26199481	-0.01324503	-17.05985000
80.30199481	-0.01324503	-12.61940000
80.34199481	-0.01324503	-8.19422000
80.38199481	-0.01324503	-17.05985000
80.42199481	-0.01324503	-12.61940000
80.46199481	-0.01324503	-17.05985000
80.50199481	-0.01324503	-12.61940000
80.54199481	-0.01324503	-12.61940000
80.58199480	0.00427259	-12.61940000
80.62199480	-0.01324503	-12.61940000
80.66199480	-0.01324503	-12.61940000
80.70199480	-0.01324503	-17.05985000
80.74199480	-0.01324503	-12.61940000
80.78199480	-0.01324503	-12.61940000
80.82199480	-0.01324503	-12.61940000
80.86199480	-0.01324503	-17.05985000
80.90199480	-0.01324503	-17.05985000
80.94199480	-0.01324503	-12.61940000
80.98199480	-0.01324503	-17.05985000
81.02199480	0.00427259	-12.61940000
81.06199480	-0.01324503	-12.61940000
81.10199480	-0.01324503	-12.61940000
81.14199480	-0.01324503	-12.61940000
81.18199480	-0.01324503	-12.61940000
81.22199480	-0.01324503	-12.61940000
81.26199480	-0.01324503	-12.61940000
81.30199480	-0.01324503	-17.05985000
81.34199480	-0.01324503	-17.05985000
81.38199480	-0.01324503	-12.61940000
81.42199480	-0.01324503	-12.61940000
81.46199480	-0.01324503	-12.61940000
81.50199480	-0.01324503	-17.05985000
81.54199480	-0.01324503	-8.19422000
81.58199480	-0.01324503	-17.05985000
81.62199480	-0.01324503	-12.61940000
81.66199480	-0.01324503	-17.05985000
81.70199480	-0.01324503	-12.61940000
81.74199480	-0.01324503	-17.05985000
81.78199480	0.00427259	-12.61940000
81.82199480	-0.01324503	-12.61940000
81.86199480	-0.01324503	-12.61940000
81.90199480	-0.01324503	-21.50029000
81.94199480	-0.01324503	-12.61940000
81.98199480	-0.01324503	-17.05985000
82.02199480	-0.01324503	-12.61940000
82.06199480	-0.01324503	-12.61940000
82.10199480	-0.01324503	-17.05985000
82.14199480	-0.01324503	-12.61940000
82.18199480	-0.01324503	-12.61940000
82.22199479	-0.01324503	-12.61940000
82.26199479	-0.01324503	-12.61940000
82.30199479	-0.01324503	-12.61940000
82.34199479	-0.01324503	-17.05985000
82.38199479	-0.01324503	-12.61940000
82.42199479	0.00427259	-12.61940000
82.46199479	0.00427259	-12.61940000
82.50199479	-0.01324503	-12.61940000
82.54199479	0.00427259	-12.61940000
82.58199479	-0.01324503	-12.61940000
82.62199479	-0.01324503	-12.61940000
82.66199479	0.00427259	-12.61940000
82.70199479	-0.01324503	-12.61940000
82.74199479	-0.01324503	-12.61940000
82.78199479	-0.01324503	-17.05985000
82.82199479	-0.01324503	-12.61940000
82.86199479	-0.01324503	-12.61940000
82.90199479	-0.01324503	-12.61940000
82.94199479	-0.01324503	-21.50029000
82.98199479	-0.01324503	-8.19422000
83.02199479	-0.01324503	-17.05985000
83.06199479	-0.01324503	-12.61940000
83.10199479	-0.01324503	-17.05985000
83.14199479	-0.01324503	-12.61940000
83.18199479	-0.01324503	-17.05985000
83.22199479	-0.01324503	-12.61940000
83.26199479	-0.01324503	-12.61940000
83.30199479	-0.01324503	-17.05985000
83.34199479	-0.01324503	-17.05985000
83.38199479	-0.01324503	-12.61940000
83.42199479	-0.01324503	-17.05985000
83.46199479	-0.01324503	-21.50029000
83.50199479	-0.01324503	-12.61940000
83.54199479	-0.01324503	-17.05985000
83.58199479	-0.01324503	-17.05985000
83.62199479	-0.01324503	-12.61940000
83.66199479	-0.01324503	-17.05985000
83.70199479	-0.01324503	-17.05985000
83.74199479	-0.01324503	-17.05985000
83.78199479	-0.01324503	-17.05985000
83.82199479	-0.01324503	-12.61940000
83.86199478	-0.01324503	-17.05985000
83.90199478	-0.01324503	-17.05985000
83.94199478	-0.01324503	-12.61940000
83.98199478	-0.01324503	-17.05985000
84.02199478	-0.01324503	-17.05985000
84.06199478	-0.01324503	-21.50029000
84.10199478	-0.01324503	-12.61940000
84.14199478	-0.01324503	-17.05985000
84.18199478	-0.01324503	-12.61940000
84.22199478	-0.01324503	-17.05985000
84.26199478	-0.01324503	-12.61940000
84.30199478	-0.01324503	-17.05985000
84.34199478	-0.01324503	-17.05985000
84.38199478	-0.01324503	-12.61940000
84.42199478	-0.01324503	-17.05985000
84.46199478	-0.01324503	-17.05985000
84.50199478	0.00427259	-17.05985000
84.54199478	0.00427259	-12.61940000
84.58199478	-0.01324503	-12.61940000
84.62199478	-0.01324503	-17.05985000
84.66199478	-0.01324503	-17.05985000
84.70199478	-0.01324503	-12.61940000
84.74199478	-0.01324503	-17.05985000
84.78199478	-0.01324503	-17.05985000
84.82199478	-0.01324503	-12.61940000
84.86199478	-0.01324503	-17.05985000
84.90199478	-0.01324503	-17.05985000
84.94199478	-0.01324503	-12.61940000
84.98199478	-0.01324503	-12.61940000
85.02199478	-0.01324503	-17.05985000
85.06199478	-0.01324503	-21.50029000
85.10199478	-0.01324503	-12.61940000
85.14199478	-0.01324503	-17.05985000
85.18199478	0.00427259	-12.61940000
85.22199478	-0.01324503	-17.05985000
85.26199478	-0.01324503	-17.05985000
85.30199478	-0.01324503	-17.05985000
85.34199478	-0.01324503	-17.05985000
85.38199478	-0.01324503	-12.61940000
85.42199478	-0.01324503	-12.61940000
85.46199478	0.00427259	-12.61940000
85.50199477	0.00427259	-17.05985000
85.54199477	0.00427259	-12.61940000
85.58199477	0.00427259	-12.61940000
85.62199477	-0.01324503	-12.61940000
85.66199477	-0.01324503	-12.61940000
85.70199477	-0.01324503	-17.05985000
85.74199477	-0.01324503	-17.05985000
85.78199477	-0.01324503	-12.61940000
85.82199477	-0.01324503	-12.61940000
85.86199477	-0.01324503	-12.61940000
85.90199477	-0.01324503	-12.61940000
85.94199477	-0.01324503	-17.05985000
85.98199477	-0.01324503	-12.61940000
86.02199477	-0.01324503	-12.61940000
86.06199477	-0.01324503	-12.61940000
86.10199477	-0.01324503	-17.05985000
86.14199477	-0.01324503	-12.61940000
86.18199477	0.00427259	-17.05985000
86.22199477	-0.01324503	-12.61940000
86.26199477	-0.01324503	-17.05985000
86.30199477	-0.01324503	-12.61940000
86.34199477	-0.01324503	-12.61940000
86.38199477	-0.01324503	-17.05985000
86.42199477	-0.01324503	-17.05985000
86.46199477	-0.01324503	-12.61940000
86.50199477	-0.01324503	-12.61940000
86.54199477	0.00427259	-12.61940000
86.58199477	-0.01324503	-12.61940000
86.62199477	-0.01324503	-17.05985000
86.66199477	-0.01324503	-12.61940000
86.70199477	-0.01324503	-17.05985000
86.74199477	-0.01324503	-12.61940000
86.78199477	-0.01324503	-12.61940000
86.82199477	-0.01324503	-12.61940000
86.86199477	-0.01324503	-17.05985000
86.90199477	-0.01324503	-12.61940000
86.94199477	-0.01324503	-12.61940000
86.98199477	-0.01324503	-17.05985000
87.02199477	-0.01324503	-12.61940000
87.06199477	-0.01324503	-12.61940000
87.10199477	-0.01324503	-12.61940000
87.14199477	-0.01324503	-12.61940000
87.18199476	-0.01324503	-12.61940000
87.22199476	-0.01324503	-12.61940000
87.26199476	-0.01324503	-12.61940000
87.30199476	-0.01324503	-17.05985000
87.34199476	-0.01324503	-12.61940000
87.38199476	-0.01324503	-17.05985000
87.42199476	-0.01324503	-12.61940000
87.46199476	-0.01324503	-12.61940000
87.50199476	-0.01324503	-12.61940000
87.54199476	-0.01324503	-12.61940000
87.58199476	-0.01324503	-12.61940000
87.62199476	-0.01324503	-12.61940000
87.66199476	-0.01324503	-12.61940000
87.70199476	-0.01324503	-12.61940000
87.74199476	-0.01324503	-12.61940000
87.78199476	-0.01324503	-12.61940000
87.82199476	-0.01324503	-12.61940000
87.86199476	-0.01324503	-12.61940000
87.90199476	-0.01324503	-17.05985000
87.94199476	-0.01324503	-12.61940000
87.98199476	-0.01324503	-17.05985000
88.02199476	0.00427259	-21.50029000
88.06199476	-0.03076266	-3.75377700
88.10199476	-0.03076266	-17.05985000
88.14199476	0.03930784	-3.75377700
88.18199476	0.00427259	-8.19422000
88.22199476	-0.01324503	-21.50029000
88.26199476	0.00427259	-8.19422000
88.30199476	0.00427259	-17.05985000
88.34199476	-0.03076266	-21.50029000
88.38199476	-0.01324503	-12.61940000
88.42199476	-0.01324503	-12.61940000
88.46199476	-0.01324503	-17.05985000
88.50199476	-0.01324503	-17.05985000
88.54199476	-0.01324503	-12.61940000
88.58199476	-0.01324503	-17.05985000
88.62199476	-0.01324503	-17.05985000
88.66199476	-0.01324503	-12.61940000
88.70199476	-0.01324503	-12.61940000
88.74199476	-0.01324503	-12.61940000
88.78199476	-0.01324503	-12.61940000
88.82199475	-0.01324503	-12.61940000
88.86199475	-0.01324503	-12.61940000
88.90199475	-0.01324503	-12.61940000
88.94199475	-0.01324503	-12.61940000
88.98199475	-0.01324503	-12.61940000
89.02199475	-0.01324503	-17.05985000
89.06199475	-0.01324503	-17.05985000
89.10199475	-0.01324503	-12.61940000
89.14199475	-0.01324503	-12.61940000
89.18199475	0.00427259	-12.61940000
89.22199475	-0.01324503	-12.61940000
89.26199475	-0.01324503	-12.61940000
89.30199475	-0.01324503	-17.05985000
89.34199475	0.00427259	-12.61940000
89.38199475	-0.01324503	-12.61940000
89.42199475	-0.01324503	-12.61940000
89.46199475	0.00427259	-17.05985000
89.50199475	-0.01324503	-12.61940000
89.54199475	-0.01324503	-12.61940000
89.58199475	-0.01324503	-12.61940000
89.62199475	-0.01324503	-12.61940000
89.66199475	0.00427259	-12.61940000
89.70199475	-0.01324503	-12.61940000
89.74199475	0.00427259	-12.61940000
89.78199475	-0.01324503	-12.61940000
89.82199475	-0.01324503	-12.61940000
89.86199475	-0.01324503	-12.61940000
89.90199475	-0.01324503	-12.61940000
89.94199475	-0.01324503	-12.61940000
89.98199475	-0.01324503	-17.05985000
90.02199475	-0.01324503	-12.61940000
90.06199475	-0.01324503	-12.61940000
90.10199475	-0.01324503	-12.61940000
90.14199475	-0.01324503	-12.61940000
90.18199475	-0.01324503	-12.61940000
90.22199475	-0.01324503	-12.61940000
90.26199475	-0.01324503	-12.61940000
90.30199475	-0.01324503	-17.05985000
90.34199475	0.00427259	-12.61940000
90.38199475	-0.01324503	-17.05985000
90.42199475	-0.01324503	-12.61940000
90.46199474	-0.01324503	-12.61940000
90.50199474	-0.01324503	-12.61940000
90.54199474	-0.01324503	-12.61940000
90.58199474	-0.01324503	-12.61940000
90.62199474	-0.01324503	-12.61940000
90.66199474	-0.01324503	-12.61940000
90.70199474	-0.01324503	-17.05985000
90.74199474	-0.01324503	-12.61940000
90.78199474	-0.01324503	-12.61940000
90.82199474	-0.01324503	-17.05985000
90.86199474	-0.01324503	-12.61940000
90.90199474	-0.01324503	-17.05985000
90.94199474	-0.01324503	-12.61940000
90.98199474	0.00427259	-12.61940000
91.02199474	-0.01324503	-12.61940000
91.06199474	-0.01324503	-12.61940000
91.10199474	-0.01324503	-12.61940000
91.14199474	-0.01324503	-12.61940000
91.18199474	0.00427259	-17.05985000
91.22199474	-0.01324503	-12.61940000
91.26199474	-0.01324503	-12.61940000
91.30199474	-0.01324503	-12.61940000
91.34199474	-0.01324503	-12.61940000
91.38199474	0.00427259	-21.50029000
91.42199474	-0.01324503	-12.61940000
91.46199474	-0.01324503	-12.61940000
91.50199474	-0.01324503	-12.61940000
91.54199474	-0.01324503	-12.61940000
91.58199474	-0.01324503	-17.05985000
91.62199474	-0.01324503	-12.61940000
91.66199474	-0.01324503	-12.61940000
91.70199474	0.00427259	-12.61940000
